30062460088-2020-1-7.jpg 0,0,0
30063440772-2020-1-7.jpg 1,1,1
30062790687-2020-1-7.jpg 1,1,1
30063760923-2020-1-7.jpg 1,1,1
30063760829-2020-1-7.jpg 1,1,1
30063440410-2020-1-7.jpg 1,1,1
30062790842-2020-1-7.jpg 0,0,0
08058821784-2020-1-7.jpg 1,1,1
08087335171-2020-1-7.jpg 1,1,1
30062790693-2020-1-7.jpg 1,1,1
30062410113-2020-1-7.jpg 1,1,1
08087331773-2020-1-7.jpg 1,1,1
08077015915-2020-1-7.jpg 1,1,1
06138247928-2020-1-7.jpg 1,1,1
30063440018-2020-1-7.jpg 0,0,0
06138256617-2020-1-7.jpg 1,1,1
30062460316-2020-1-7.jpg 0,0,0
30062410116-2020-1-7.jpg 0,0,0
30062790658-2020-1-7.jpg 1,1,1
30063441197-2020-1-7.jpg 1,0,1
30063440590-2020-1-7.jpg 1,1,1
30063440599-2020-1-7.jpg 1,0,0
06137295403-2020-1-7.jpg 1,1,1
30063440260-2020-1-7.jpg 1,1,0
30063760896-2020-1-7.jpg 1,1,1
30062790099-2020-1-7.jpg 1,1,1
08067840070-2020-1-7.jpg 1,1,1
30062410107-2020-1-7.jpg 1,1,1
06107270044-2020-1-7.jpg 1,1,1
30062447980-2020-1-7.jpg 1,1,1
30063440698-2020-1-7.jpg 1,1,1
30062790925-2020-1-7.jpg 1,1,1
30063440414-2020-1-7.jpg 1,1,1
30063440770-2020-1-7.jpg 1,1,0
30062461252-2020-1-7.jpg 1,1,1
08087335528-2020-1-7.jpg 1,1,1
30063761052-2020-1-7.jpg 1,1,1
30063070377-2020-1-7.jpg 1,1,1
06137295427-2020-1-6.jpg 1,1,1
30063441758-2020-1-7.jpg 1,1,1
05096900640-2020-1-7.jpg 1,1,1
30062460586-2020-1-7.jpg 1,1,1
30063441126-2020-1-7.jpg 0,0,0
30063441028-2020-1-7.jpg 1,1,1
30063070038-2020-1-7.jpg 1,1,1
30063260066-2020-1-7.jpg 1,1,0
30063441922-2020-1-7.jpg 1,1,1
30062460501-2020-1-7.jpg 1,1,1
08087335198-2020-1-7.jpg 1,1,1
30063761193-2020-1-7.jpg 1,1,1
06138246437-2020-1-7.jpg 1,1,1
30063440024-2020-1-7.jpg 1,1,1
30063590265-2020-1-7.jpg 1,1,1
30063440739-2020-1-7.jpg 1,1,1
30062790323-2020-1-7.jpg 1,1,0
30062790136-2020-1-8.jpg 1,1,0
30063590361-2020-1-7.jpg 1,1,1
30063761058-2020-1-7.jpg 1,1,1
30063440563-2020-1-7.jpg 1,1,1
06106420022-2020-1-7.jpg 1,1,0
30062790307-2020-1-7.jpg 1,1,1
08077015209-2020-1-7.jpg 1,1,1
30063590026-2020-1-7.jpg 1,1,1
30063070209-2020-1-8.jpg 1,1,1
06138256567-2020-1-7.jpg 1,1,1
06106720002-2020-1-7.jpg 1,0,0
30063070192-2020-1-7.jpg 1,1,0
30063070135-2020-1-7.jpg 1,1,1
08087331848-2020-1-7.jpg 1,1,1
30063440592-2020-1-7.jpg 1,1,1
30063441487-2020-1-7.jpg 1,1,1
06056539096-2020-1-7.jpg 1,1,1
30063441477-2020-1-7.jpg 0,0,0
30063070155-2020-1-7.jpg 0,0,0
30063070004-2020-1-7.jpg 1,1,0
30063440820-2020-1-7.jpg 1,1,1
30063760921-2020-1-7.jpg 1,1,1
30063760947-2020-1-7.jpg 1,1,1
30063441209-2020-1-7.jpg 1,1,1
08087331830-2020-1-7.jpg 1,1,1
06138246416-2020-1-7.jpg 1,1,1
30062790933-2020-1-7.jpg 1,1,1
30063440140-2020-1-7.jpg 1,1,1
30063590310-2020-1-7.jpg 1,1,1
30063590242-2020-1-7.jpg 1,1,1
08087350703-2020-1-7.jpg 1,1,0
30062790031-2020-1-7.jpg 1,1,1
30063760860-2020-1-7.jpg 1,1,1
30062460888-2020-1-7.jpg 1,1,1
30063761405-2020-1-7.jpg 1,1,1
30063440019-2020-1-7.jpg 1,1,1
30062460417-2020-1-7.jpg 1,1,1
08057340322-2020-1-7.jpg 1,1,0
08057330361-2020-1-7.jpg 1,1,1
30063260307-2020-1-7.jpg 1,1,1
30063070241-2020-1-7.jpg 1,1,1
06138247910-2020-1-7.jpg 1,1,1
30062460320-2020-1-7.jpg 1,1,1
30063590239-2020-1-7.jpg 1,1,1
30063440737-2020-1-7.jpg 1,1,1
06138247922-2020-1-7.jpg 1,1,0
30063441184-2020-1-7.jpg 1,1,1
08057650070-2020-1-7.jpg 1,1,1
06138247310-2020-1-7.jpg 1,1,1
08087335100-2020-1-7.jpg 1,1,1
30062790697-2020-1-7.jpg 1,1,1
30063441814-2020-1-7.jpg 1,1,1
30062461314-2020-1-7.jpg 1,1,1
30063590116-2020-1-7.jpg 1,1,1
08058821856-2020-1-7.jpg 1,1,1
30062790138-2020-1-8.jpg 1,1,0
30063441092-2020-1-7.jpg 1,1,0
30062790140-2020-1-8.jpg 1,0,0
30063070224-2020-1-7.jpg 1,1,0
30063440948-2020-1-7.jpg 1,1,1
30063070136-2020-1-7.jpg 1,1,1
30063440959-2020-1-7.jpg 1,1,1
06108250016-2020-1-7.jpg 1,1,1
30063440789-2020-1-7.jpg 1,1,1
30062790081-2020-1-7.jpg 1,1,1
30063440143-2020-1-7.jpg 1,1,1
30063441947-2020-1-7.jpg 1,1,1
30063761051-2020-1-7.jpg 1,1,1
30063440290-2020-1-7.jpg 1,1,1
30062460590-2020-1-7.jpg 1,1,1
30063760845-2020-1-7.jpg 1,1,1
30063440330-2020-1-7.jpg 1,1,0
08077030045-2020-1-7.jpg 1,1,1
30063590298-2020-1-7.jpg 1,1,1
06137290163-2020-1-7.jpg 1,1,1
30063441174-2020-1-7.jpg 1,1,1
30063760888-2020-1-7.jpg 1,1,1
06138247934-2020-1-7.jpg 1,1,1
30063440182-2020-1-7.jpg 1,1,1
30062461253-2020-1-7.jpg 1,1,1
30063440028-2020-1-7.jpg 1,1,1
30063590273-2020-1-7.jpg 1,1,1
30063761396-2020-1-7.jpg 1,1,0
30063441560-2020-1-7.jpg 1,1,1
30062460460-2020-1-7.jpg 1,1,1
08057340310-2020-1-7.jpg 1,1,1
30063760878-2020-1-7.jpg 1,1,1
30063260169-2020-1-7.jpg 1,1,1
30062790904-2020-1-7.jpg 1,1,0
30062790626-2020-1-7.jpg 1,1,1
30063070284-2020-1-7.jpg 1,1,1
08077035767-2020-1-7.jpg 1,0,0
30063761556-2020-1-7.jpg 1,1,1
30062460309-2020-1-7.jpg 1,1,1
30063260163-2020-1-7.jpg 1,1,0
30063440151-2020-1-7.jpg 0,0,0
30062790301-2020-1-7.jpg 0,0,0
06108250015-2020-1-7.jpg 1,1,1
30062460602-2020-1-7.jpg 0,0,0
30062790614-2020-1-7.jpg 1,1,0
06138247339-2020-1-7.jpg 1,1,1
30062790909-2020-1-7.jpg 1,0,0
06106740007-2020-1-7.jpg 1,1,1
08052330007-2020-1-7.jpg 1,1,0
30063441751-2020-1-7.jpg 1,1,1
08087330802-2020-1-7.jpg 1,1,1
30063441145-2020-1-7.jpg 1,1,1
30063440895-2020-1-7.jpg 1,1,1
30063760800-2020-1-7.jpg 1,1,1
30063441750-2020-1-7.jpg 1,1,1
30063440946-2020-1-7.jpg 1,1,1
30062461398-2020-1-7.jpg 1,1,1
30063440753-2020-1-7.jpg 1,1,1
08087330807-2020-1-7.jpg 1,1,1
30062460665-2020-1-7.jpg 1,1,1
30063440362-2020-1-7.jpg 1,1,0
30063760919-2020-1-7.jpg 1,1,1
30063440666-2020-1-7.jpg 1,1,1
30062763839-2020-1-7.jpg 1,1,1
30063441434-2020-1-7.jpg 1,1,1
30063760926-2020-1-7.jpg 1,1,1
08077015930-2020-1-7.jpg 1,1,1
30063440836-2020-1-7.jpg 1,1,0
30063761504-2020-1-7.jpg 1,1,1
05097020050-2020-1-7.jpg 1,1,1
30062790719-2020-1-7.jpg 1,1,1
30063070097-2020-1-7.jpg 1,1,1
30063070359-2020-1-7.jpg 1,1,1
30063761287-2020-1-7.jpg 1,1,0
30063441545-2020-1-7.jpg 1,1,1
08087330723-2020-1-7.jpg 0,0,0
30062461251-2020-1-7.jpg 1,1,0
30063761490-2020-1-7.jpg 0,0,0
30062790231-2020-1-7.jpg 1,1,1
30063070171-2020-1-7.jpg 1,1,1
30063590094-2020-1-7.jpg 1,1,1
30063441937-2020-1-7.jpg 1,1,1
30062460310-2020-1-7.jpg 1,1,1
30063761206-2020-1-7.jpg 1,1,1
30063440409-2020-1-7.jpg 1,1,1
30063590044-2020-1-7.jpg 1,1,1
30062790514-2020-1-7.jpg 1,1,0
30063761020-2020-1-7.jpg 1,1,1
30063441516-2020-1-7.jpg 1,1,1
06137270221-2020-1-7.jpg 0,0,0
30062461403-2020-1-7.jpg 1,1,1
30063440742-2020-1-7.jpg 1,1,1
30062790256-2020-1-7.jpg 1,1,1
30062790136-2020-1-7.jpg 1,1,0
30063590042-2020-1-7.jpg 1,1,1
30062790075-2020-1-7.jpg 1,1,1
30063440183-2020-1-7.jpg 1,1,1
30063440741-2020-1-7.jpg 1,1,1
30062790939-2020-1-7.jpg 1,1,0
06138247043-2020-1-7.jpg 1,1,1
30063440420-2020-1-7.jpg 1,1,1
30062790474-2020-1-7.jpg 1,1,1
30063590349-2020-1-7.jpg 1,1,1
30063070371-2020-1-7.jpg 1,1,1
30062460274-2020-1-7.jpg 1,1,1
30063441240-2020-1-7.jpg 1,1,1
30063070373-2020-1-7.jpg 1,1,1
30063260398-2020-1-7.jpg 1,1,0
08077035334-2020-1-7.jpg 1,1,1
06107870029-2020-1-7.jpg 1,1,1
30062447981-2020-1-7.jpg 1,1,0
30063440136-2020-1-7.jpg 1,1,1
30063590137-2020-1-7.jpg 1,1,1
06106540058-2020-1-7.jpg 1,1,1
30062410103-2020-1-7.jpg 0,0,0
06138256604-2020-1-7.jpg 1,1,1
30063440255-2020-1-7.jpg 1,1,1
08087331780-2020-1-7.jpg 1,1,1
30063590062-2020-1-7.jpg 1,1,1
30063070324-2020-1-7.jpg 1,1,1
30063590408-2020-1-7.jpg 1,1,1
30063070157-2020-1-7.jpg 1,1,0
30063440777-2020-1-7.jpg 1,1,1
08057350123-2020-1-7.jpg 1,1,1
30063440144-2020-1-7.jpg 1,1,1
30062461210-2020-1-7.jpg 1,1,1
30063440783-2020-1-7.jpg 1,0,0
30062791000-2020-1-7.jpg 0,0,0
30063260391-2020-1-7.jpg 1,1,1
08057340131-2020-1-7.jpg 1,1,1
30063441924-2020-1-7.jpg 1,0,0
30063440242-2020-1-7.jpg 1,0,0
30062790045-2020-1-7.jpg 1,1,1
30063440670-2020-1-7.jpg 1,1,1
30062790895-2020-1-7.jpg 1,1,1
30063440424-2020-1-7.jpg 1,1,1
30063760895-2020-1-7.jpg 1,1,1
30062790744-2020-1-7.jpg 1,1,1
30063760956-2020-1-7.jpg 1,1,1
30062461274-2020-1-7.jpg 1,1,1
30063440746-2020-1-7.jpg 0,0,0
30063440651-2020-1-7.jpg 1,1,1
30063440940-2020-1-7.jpg 1,1,1
30062763858-2020-1-7.jpg 1,1,1
05096900690-2020-1-7.jpg 1,1,1
30062790887-2020-1-7.jpg 1,1,1
30062790313-2020-1-7.jpg 1,1,1
30063590101-2020-1-7.jpg 0,0,0
30063590075-2020-1-7.jpg 1,1,1
30063441157-2020-1-7.jpg 1,1,1
08087335181-2020-1-7.jpg 1,1,1
30063440695-2020-1-7.jpg 1,1,1
30062790699-2020-1-7.jpg 1,1,1
30063440556-2020-1-7.jpg 1,1,1
30063761519-2020-1-7.jpg 1,1,0
06108250013-2020-1-7.jpg 1,1,1
30063441437-2020-1-7.jpg 1,1,1
30063590200-2020-1-7.jpg 1,1,1
30063441743-2020-1-7.jpg 1,1,0
30063760882-2020-1-7.jpg 1,1,1
30062410225-2020-1-7.jpg 1,1,0
30063070138-2020-1-7.jpg 1,1,1
30063441011-2020-1-7.jpg 1,1,1
30063260311-2020-1-7.jpg 1,1,1
30062460644-2020-1-7.jpg 1,1,1
30063441459-2020-1-7.jpg 1,0,0
06138246447-2020-1-7.jpg 1,1,1
30063441457-2020-1-7.jpg 0,0,0
06138247032-2020-1-7.jpg 1,1,1
30063070247-2020-1-8.jpg 1,1,0
30063441210-2020-1-7.jpg 1,1,1
30063440179-2020-1-7.jpg 1,1,1
08077200160-2020-1-7.jpg 1,1,1
30063590266-2020-1-7.jpg 1,1,1
08057330035-2020-1-7.jpg 1,1,1
30063760832-2020-1-7.jpg 1,1,1
30063590110-2020-1-7.jpg 1,1,1
30062461138-2020-1-7.jpg 1,1,0
08077200259-2020-1-7.jpg 1,1,1
30063441082-2020-1-7.jpg 1,1,0
30063760940-2020-1-7.jpg 1,1,1
06138247904-2020-1-7.jpg 1,1,0
30063590215-2020-1-7.jpg 1,1,1
30063441171-2020-1-7.jpg 1,0,0
30062790812-2020-1-7.jpg 1,1,0
08057340134-2020-1-7.jpg 1,1,1
30062410108-2020-1-7.jpg 1,1,1
30063760830-2020-1-7.jpg 1,1,1
30063761019-2020-1-7.jpg 1,1,1
06108250021-2020-1-7.jpg 1,1,1
06138247900-2020-1-7.jpg 1,1,0
30063590207-2020-1-7.jpg 1,1,1
30063760951-2020-1-7.jpg 1,1,1
30063761427-2020-1-7.jpg 1,1,1
30063070316-2020-1-7.jpg 1,1,1
30062790030-2020-1-7.jpg 1,1,1
30063440669-2020-1-7.jpg 1,1,1
30063070374-2020-1-7.jpg 1,0,1
30063440358-2020-1-7.jpg 1,1,1
30062790471-2020-1-7.jpg 1,1,1
30063070029-2020-1-7.jpg 1,1,1
08077016150-2020-1-7.jpg 1,1,1
30063441172-2020-1-7.jpg 1,1,1
30063441018-2020-1-7.jpg 1,1,1
06108250003-2020-1-7.jpg 0,0,1
08087331127-2020-1-7.jpg 1,1,0
06138252473-2020-1-7.jpg 1,1,1
30062790878-2020-1-7.jpg 1,1,1
30063441219-2020-1-7.jpg 1,1,1
30063441435-2020-1-7.jpg 1,1,1
30063400381-2020-1-7.jpg 1,1,1
30063441500-2020-1-7.jpg 0,0,0
30062790480-2020-1-7.jpg 1,1,1
30063400369-2020-1-7.jpg 1,1,1
08057330232-2020-1-7.jpg 1,1,1
06108250002-2020-1-7.jpg 1,1,1
30063441835-2020-1-7.jpg 1,1,1
30063761013-2020-1-7.jpg 1,1,1
30063761507-2020-1-7.jpg 1,1,1
30063440225-2020-1-7.jpg 1,1,1
30063440930-2020-1-7.jpg 1,1,1
05076305080-2020-1-7.jpg 1,1,1
30063070266-2020-1-7.jpg 1,1,1
06138243005-2020-1-7.jpg 1,1,1
30062447992-2020-1-7.jpg 1,1,0
30063440250-2020-1-7.jpg 1,1,1
30063441374-2020-1-7.jpg 1,1,0
30062790273-2020-1-7.jpg 1,1,1
06138245850-2020-1-7.jpg 1,1,1
06137295622-2020-1-7.jpg 1,1,1
30063441781-2020-1-7.jpg 1,1,0
30063070123-2020-1-7.jpg 1,1,1
30063590313-2020-1-7.jpg 0,0,0
30062791144-2020-1-7.jpg 1,1,1
30063440684-2020-1-7.jpg 1,1,1
30063590270-2020-1-7.jpg 1,1,1
30062790997-2020-1-7.jpg 1,1,1
30063440408-2020-1-7.jpg 1,1,1
06138244838-2020-1-7.jpg 1,1,1
30063070163-2020-1-7.jpg 1,1,1
30062790602-2020-1-7.jpg 1,1,1
30063760655-2020-1-7.jpg 1,1,1
06138246440-2020-1-7.jpg 1,0,0
30062790017-2020-1-7.jpg 1,1,1
08057650071-2020-1-7.jpg 1,1,1
30063760894-2020-1-7.jpg 1,1,1
06138247936-2020-1-7.jpg 1,1,1
08077016175-2020-1-7.jpg 1,1,1
30063441888-2020-1-7.jpg 1,1,1
30062461328-2020-1-7.jpg 1,1,1
30062790477-2020-1-7.jpg 1,1,1
30063070228-2020-1-7.jpg 1,1,1
30062460126-2020-1-7.jpg 1,1,1
30063070245-2020-1-8.jpg 1,1,0
30063070216-2020-1-7.jpg 1,1,1
08087335072-2020-1-7.jpg 1,1,1
30063590342-2020-1-7.jpg 1,1,1
30062790941-2020-1-7.jpg 1,1,1
30063440806-2020-1-7.jpg 0,0,0
30063440588-2020-1-7.jpg 1,1,1
30063440842-2020-1-7.jpg 1,1,1
30062460514-2020-1-7.jpg 1,1,1
30063440246-2020-1-7.jpg 1,1,1
30062790597-2020-1-7.jpg 1,1,1
06138256616-2020-1-7.jpg 1,0,0
30063760946-2020-1-7.jpg 1,1,1
30063441205-2020-1-7.jpg 0,0,0
08057350108-2020-1-7.jpg 1,1,1
30063441194-2020-1-7.jpg 1,0,0
30062410106-2020-1-7.jpg 1,1,1
30063761199-2020-1-7.jpg 1,1,1
08087335071-2020-1-7.jpg 1,1,1
30062461144-2020-1-7.jpg 1,1,1
30062790616-2020-1-7.jpg 1,1,1
30062410122-2020-1-7.jpg 1,1,1
30063760866-2020-1-7.jpg 1,1,1
30062460290-2020-1-7.jpg 1,1,0
30063441423-2020-1-7.jpg 1,1,1
30063440796-2020-1-7.jpg 1,1,0
30062790823-2020-1-7.jpg 1,1,1
30062790639-2020-1-7.jpg 1,1,1
30063761202-2020-1-7.jpg 1,1,1
06138252212-2020-1-7.jpg 1,1,1
08087335551-2020-1-7.jpg 1,1,1
30063590337-2020-1-7.jpg 1,1,1
30063070273-2020-1-7.jpg 1,1,1
30063761260-2020-1-7.jpg 1,1,1
30063440943-2020-1-7.jpg 1,1,1
30063590236-2020-1-7.jpg 1,1,1
06138247030-2020-1-7.jpg 1,1,1
30063760934-2020-1-7.jpg 1,1,1
30063441948-2020-1-7.jpg 0,0,0
30063070322-2020-1-7.jpg 1,1,1
08087331392-2020-1-7.jpg 1,1,1
30062460123-2020-1-7.jpg 1,1,1
30063590261-2020-1-7.jpg 1,1,0
30063441049-2020-1-7.jpg 1,1,1
30062410224-2020-1-7.jpg 1,1,1
06056531023-2020-1-5.jpg 1,1,1
30063760653-2020-1-7.jpg 0,0,0
30063400252-2020-1-7.jpg 1,1,1
30063070092-2020-1-7.jpg 1,1,1
30063070106-2020-1-7.jpg 1,1,1
30062460089-2020-1-7.jpg 1,1,1
30062790291-2020-1-7.jpg 1,1,1
06138253107-2020-1-7.jpg 1,1,1
30062790498-2020-1-7.jpg 1,1,1
30063440853-2020-1-7.jpg 1,1,0
30062790496-2020-1-7.jpg 1,1,1
06138256568-2020-1-7.jpg 0,0,0
30063590155-2020-1-7.jpg 1,1,0
06138256579-2020-1-7.jpg 1,1,1
30062790228-2020-1-7.jpg 1,1,1
30063070006-2020-1-7.jpg 1,1,1
06138256608-2020-1-7.jpg 1,1,1
30062460679-2020-1-7.jpg 1,1,1
30063590023-2020-1-7.jpg 1,0,0
30063070165-2020-1-7.jpg 1,1,1
06137295291-2020-1-7.jpg 1,1,1
30062790885-2020-1-7.jpg 1,1,1
30062790617-2020-1-7.jpg 1,0,0
30063441401-2020-1-7.jpg 1,1,0
30062790661-2020-1-7.jpg 1,1,1
30063070372-2020-1-7.jpg 1,1,1
08058821870-2020-1-7.jpg 1,1,1
30063440754-2020-1-7.jpg 1,1,0
30063760899-2020-1-7.jpg 1,1,1
30063440897-2020-1-7.jpg 1,1,1
08057330387-2020-1-7.jpg 1,1,1
30062790278-2020-1-7.jpg 1,1,1
08057330386-2020-1-7.jpg 1,1,1
30062790952-2020-1-7.jpg 1,1,0
30062790479-2020-1-7.jpg 1,1,1
08057340259-2020-1-7.jpg 1,1,1
06138242714-2020-1-7.jpg 1,1,1
30063760662-2020-1-7.jpg 1,1,1
30063441470-2020-1-7.jpg 1,1,1
30062790657-2020-1-7.jpg 1,1,1
30063070107-2020-1-7.jpg 1,1,1
30063441079-2020-1-7.jpg 1,1,1
30062790692-2020-1-7.jpg 1,1,1
30063590196-2020-1-7.jpg 1,1,0
30062460638-2020-1-7.jpg 1,1,1
30063440792-2020-1-7.jpg 1,1,0
08058821821-2020-1-7.jpg 1,1,1
30062460940-2020-1-7.jpg 1,1,1
30063070199-2020-1-7.jpg 1,1,0
06106250011-2020-1-7.jpg 1,1,1
30062460057-2020-1-7.jpg 1,1,1
30063590400-2020-1-7.jpg 1,1,1
06106250026-2020-1-7.jpg 1,1,1
30062790465-2020-1-7.jpg 1,1,0
30063590212-2020-1-7.jpg 1,1,1
30062790289-2020-1-7.jpg 1,1,1
30063760928-2020-1-7.jpg 1,1,1
30063440224-2020-1-7.jpg 1,1,1
08077035354-2020-1-7.jpg 1,1,1
06116530028-2020-1-5.jpg 1,1,1
06138247033-2020-1-7.jpg 1,1,1
30063440419-2020-1-7.jpg 1,1,0
30062460293-2020-1-7.jpg 0,0,0
30063590220-2020-1-7.jpg 1,1,1
30063590257-2020-1-7.jpg 1,1,1
30063590073-2020-1-7.jpg 0,0,0
30062790893-2020-1-7.jpg 1,1,1
30062460477-2020-1-7.jpg 1,1,1
30063440108-2020-1-7.jpg 1,1,0
30062460485-2020-1-7.jpg 1,1,1
30062460503-2020-1-7.jpg 1,1,0
30063441097-2020-1-7.jpg 1,1,1
06107270028-2020-1-7.jpg 1,1,1
30063260063-2020-1-7.jpg 1,1,0
30062460832-2020-1-7.jpg 1,1,1
30063400011-2020-1-7.jpg 1,1,1
08077200450-2020-1-7.jpg 1,1,1
08077015477-2020-1-7.jpg 1,1,1
30063440198-2020-1-7.jpg 1,1,1
30063441898-2020-1-7.jpg 1,1,1
30063440251-2020-1-7.jpg 1,1,1
30063070100-2020-1-7.jpg 1,1,1
30063441050-2020-1-7.jpg 1,1,1
30063441955-2020-1-7.jpg 1,1,1
30062790918-2020-1-7.jpg 1,1,1
30063440228-2020-1-7.jpg 1,1,1
30062790608-2020-1-7.jpg 1,0,0
30062460125-2020-1-7.jpg 1,1,1
30062410072-2020-1-7.jpg 1,1,1
30063260209-2020-1-7.jpg 1,1,1
30063070231-2020-1-7.jpg 1,1,1
30063070383-2020-1-7.jpg 1,1,1
08058821718-2020-1-7.jpg 1,1,1
08057370024-2020-1-7.jpg 1,1,1
30063440359-2020-1-7.jpg 1,1,1
06107290021-2020-1-7.jpg 1,0,1
08087331847-2020-1-7.jpg 1,1,1
30062790605-2020-1-7.jpg 1,1,1
30062790258-2020-1-7.jpg 1,1,1
06138256627-2020-1-7.jpg 0,0,0
30063760835-2020-1-7.jpg 1,1,1
30062461332-2020-1-7.jpg 1,1,1
30062790877-2020-1-7.jpg 1,1,0
30063070279-2020-1-7.jpg 1,1,0
30062460476-2020-1-7.jpg 1,1,1
06138247903-2020-1-7.jpg 1,1,1
30062461336-2020-1-7.jpg 1,1,1
30062791023-2020-1-7.jpg 1,1,1
30063070330-2020-1-7.jpg 1,1,1
30063441870-2020-1-7.jpg 1,1,0
30063440594-2020-1-7.jpg 0,0,0
30063761245-2020-1-7.jpg 1,1,1
30063761191-2020-1-7.jpg 1,1,0
30063440339-2020-1-7.jpg 0,0,0
30063070344-2020-1-7.jpg 1,1,1
30063761326-2020-1-7.jpg 1,1,1
30063440901-2020-1-7.jpg 1,1,1
08057340431-2020-1-7.jpg 1,1,0
30063590401-2020-1-8.jpg 1,1,1
30063441213-2020-1-7.jpg 1,1,1
30063590065-2020-1-7.jpg 1,1,1
30063590285-2020-1-7.jpg 1,1,1
30062790943-2020-1-7.jpg 1,1,1
30063440559-2020-1-7.jpg 1,1,0
30063440349-2020-1-7.jpg 1,0,1
30063440343-2020-1-7.jpg 1,0,0
30062790745-2020-1-7.jpg 1,1,1
30063070119-2020-1-7.jpg 1,1,0
30063440181-2020-1-7.jpg 1,1,1
30063070241-2020-1-8.jpg 1,1,1
06138247010-2020-1-7.jpg 1,1,1
30063441057-2020-1-7.jpg 1,1,0
30062790905-2020-1-7.jpg 1,1,1
30063440300-2020-1-7.jpg 1,1,1
30063590216-2020-1-7.jpg 1,1,1
08057650072-2020-1-7.jpg 1,1,1
30062790494-2020-1-7.jpg 1,1,1
30062790335-2020-1-7.jpg 1,1,1
30062410076-2020-1-7.jpg 1,1,1
30063400003-2020-1-7.jpg 1,1,1
30062790879-2020-1-7.jpg 1,1,1
30062460091-2020-1-7.jpg 0,0,0
30063761033-2020-1-7.jpg 1,1,1
30063260060-2020-1-7.jpg 1,1,1
30063260343-2020-1-7.jpg 1,1,1
30062790309-2020-1-7.jpg 1,1,1
30063760864-2020-1-7.jpg 1,1,1
30063070331-2020-1-7.jpg 1,1,0
30062790718-2020-1-7.jpg 1,1,1
30063070039-2020-1-7.jpg 1,1,1
06106720003-2020-1-7.jpg 0,0,0
30063440104-2020-1-7.jpg 1,1,1
30062790634-2020-1-7.jpg 1,1,1
06106740009-2020-1-7.jpg 1,1,0
30063590134-2020-1-7.jpg 1,1,1
30063441896-2020-1-7.jpg 1,1,1
06138247901-2020-1-7.jpg 1,1,1
30062410143-2020-1-7.jpg 1,1,1
30063070205-2020-1-7.jpg 1,1,0
30063440591-2020-1-7.jpg 1,1,1
30063070180-2020-1-7.jpg 1,1,0
06138247915-2020-1-7.jpg 0,0,0
30063260078-2020-1-7.jpg 1,1,1
06138256580-2020-1-7.jpg 1,1,1
30063441014-2020-1-7.jpg 1,0,0
30062790995-2020-1-7.jpg 1,1,1
06138247931-2020-1-7.jpg 1,1,1
30063760941-2020-1-7.jpg 1,1,1
30063440667-2020-1-7.jpg 1,1,1
30062790132-2020-1-7.jpg 1,1,1
30063070120-2020-1-7.jpg 1,1,1
08057330031-2020-1-7.jpg 1,1,1
30062790467-2020-1-7.jpg 1,1,1
30062790512-2020-1-7.jpg 1,1,1
30063070337-2020-1-7.jpg 1,1,1
06137295080-2020-1-7.jpg 1,1,1
30062460517-2020-1-7.jpg 1,1,1
30063440841-2020-1-7.jpg 1,1,0
30063440941-2020-1-7.jpg 1,0,0
30062790300-2020-1-7.jpg 1,1,1
30063440912-2020-1-7.jpg 1,1,1
08087335195-2020-1-7.jpg 1,1,1
30062790914-2020-1-7.jpg 1,1,1
30062790946-2020-1-7.jpg 0,0,0
08077015907-2020-1-7.jpg 1,1,0
30063440103-2020-1-7.jpg 1,1,1
30063440233-2020-1-7.jpg 1,1,1
30063590272-2020-1-7.jpg 1,1,0
30063440674-2020-1-7.jpg 0,0,0
30063590106-2020-1-7.jpg 1,1,1
30063070099-2020-1-7.jpg 1,1,1
30063440554-2020-1-7.jpg 0,0,0
30062460551-2020-1-7.jpg 1,1,1
06056530739-2020-1-5.jpg 1,1,1
30062790074-2020-1-7.jpg 1,1,1
30062460488-2020-1-7.jpg 1,1,1
30063440148-2020-1-7.jpg 1,1,1
30063441900-2020-1-7.jpg 1,1,0
06138255425-2020-1-7.jpg 1,1,1
06108250025-2020-1-7.jpg 1,1,1
30063070137-2020-1-7.jpg 1,1,0
30062460507-2020-1-7.jpg 1,1,1
30063440101-2020-1-7.jpg 1,1,0
08058821773-2020-1-7.jpg 1,1,1
30063440192-2020-1-7.jpg 1,1,1
30063070030-2020-1-7.jpg 1,1,1
30063590107-2020-1-7.jpg 1,1,1
08087335194-2020-1-7.jpg 1,1,1
30063260228-2020-1-7.jpg 1,1,1
30062790272-2020-1-7.jpg 1,1,1
30063440189-2020-1-7.jpg 1,1,1
30063761535-2020-1-7.jpg 1,1,1
30062461305-2020-1-7.jpg 1,0,0
06137295251-2020-1-7.jpg 1,1,1
30062461297-2020-1-7.jpg 1,1,1
30062410104-2020-1-7.jpg 1,1,1
30063760890-2020-1-7.jpg 1,1,1
30062447977-2020-1-7.jpg 1,1,1
30063760799-2020-1-7.jpg 1,0,1
08057340155-2020-1-7.jpg 1,1,1
30063441742-2020-1-7.jpg 1,1,0
30063260342-2020-1-7.jpg 1,1,1
30063590117-2020-1-7.jpg 1,1,0
30063590227-2020-1-7.jpg 1,1,1
30063440417-2020-1-7.jpg 0,0,0
30063441546-2020-1-7.jpg 0,0,0
30063760834-2020-1-7.jpg 1,0,1
30063440794-2020-1-7.jpg 1,1,1
08087350843-2020-1-7.jpg 1,1,1
30063590350-2020-1-7.jpg 1,1,1
08057330217-2020-1-7.jpg 1,1,1
30062461347-2020-1-7.jpg 1,1,1
30063440298-2020-1-7.jpg 1,1,1
30062460479-2020-1-7.jpg 1,1,1
30062790599-2020-1-7.jpg 1,1,1
30063590067-2020-1-7.jpg 0,0,0
06138256571-2020-1-7.jpg 1,0,0
30063590041-2020-1-7.jpg 1,1,1
30063441935-2020-1-7.jpg 1,1,1
06106720012-2020-1-7.jpg 1,1,1
30063070146-2020-1-7.jpg 1,1,1
08057330394-2020-1-7.jpg 1,1,1
30063590269-2020-1-7.jpg 1,1,1
06106320012-2020-1-6.jpg 1,1,1
30063440026-2020-1-7.jpg 1,1,1
30062790478-2020-1-7.jpg 1,1,1
30063070156-2020-1-7.jpg 1,1,1
30063590098-2020-1-7.jpg 1,1,0
06108250024-2020-1-7.jpg 1,1,1
30063440560-2020-1-7.jpg 1,1,1
08057370016-2020-1-7.jpg 1,1,1
06106740005-2020-1-7.jpg 0,0,0
30063760960-2020-1-7.jpg 1,1,1
30063441561-2020-1-7.jpg 1,1,1
30063440688-2020-1-7.jpg 1,1,1
30062790243-2020-1-7.jpg 1,1,1
30062447988-2020-1-7.jpg 1,0,0
30063760789-2020-1-7.jpg 1,1,1
08077015951-2020-1-7.jpg 1,1,0
30063440786-2020-1-7.jpg 1,1,1
08057340087-2020-1-7.jpg 1,1,0
30063441892-2020-1-7.jpg 1,1,1
30063590208-2020-1-7.jpg 1,1,1
30063440833-2020-1-7.jpg 0,0,0
08057370025-2020-1-7.jpg 1,1,0
30063760929-2020-1-7.jpg 1,1,1
30063440562-2020-1-7.jpg 1,1,1
30062790129-2020-1-7.jpg 1,1,1
30062790752-2020-1-7.jpg 1,1,1
30062790142-2020-1-8.jpg 1,1,1
30063761201-2020-1-7.jpg 1,1,1
30063070141-2020-1-7.jpg 1,1,1
30062790324-2020-1-7.jpg 1,1,1
08057340507-2020-1-7.jpg 1,1,1
30062460154-2020-1-7.jpg 1,1,1
06138247011-2020-1-7.jpg 1,1,1
30063260425-2020-1-7.jpg 1,1,1
08077200207-2020-1-7.jpg 0,0,0
30062790284-2020-1-7.jpg 1,1,1
30062460272-2020-1-7.jpg 1,1,0
30062790900-2020-1-7.jpg 1,1,0
30062460135-2020-1-7.jpg 1,1,1
30063760856-2020-1-7.jpg 1,1,1
30062791150-2020-1-7.jpg 1,1,1
30063760873-2020-1-7.jpg 1,1,1
30063260338-2020-1-7.jpg 1,1,1
30063260076-2020-1-7.jpg 1,1,0
30063761204-2020-1-7.jpg 1,1,1
06138245055-2020-1-7.jpg 1,1,1
30063440226-2020-1-7.jpg 1,1,0
30063760648-2020-1-7.jpg 1,1,1
30062461139-2020-1-7.jpg 1,1,1
30063441196-2020-1-7.jpg 1,1,1
06138256576-2020-1-7.jpg 1,1,1
30062410123-2020-1-7.jpg 1,1,1
30062790026-2020-1-7.jpg 1,1,1
08087331157-2020-1-7.jpg 1,1,1
30062791026-2020-1-7.jpg 1,1,1
08087351030-2020-1-7.jpg 1,1,0
30063440759-2020-1-7.jpg 1,1,1
30063441221-2020-1-7.jpg 1,1,0
30063761009-2020-1-7.jpg 1,1,1
06106720001-2020-1-7.jpg 1,1,1
08087335765-2020-1-7.jpg 1,1,1
08087335537-2020-1-7.jpg 1,1,1
30063070384-2020-1-8.jpg 1,0,0
30063761018-2020-1-7.jpg 0,0,0
30063441745-2020-1-7.jpg 1,1,0
30062790841-2020-1-7.jpg 1,1,1
30063440180-2020-1-7.jpg 1,1,0
30062790219-2020-1-7.jpg 1,1,1
08077150122-2020-1-7.jpg 1,1,1
08077015910-2020-1-7.jpg 1,1,1
30063590264-2020-1-7.jpg 1,1,1
30062410105-2020-1-7.jpg 1,1,0
30062790640-2020-1-7.jpg 1,0,0
30063440778-2020-1-7.jpg 1,1,1
08087335103-2020-1-7.jpg 1,0,0
06137295417-2020-1-7.jpg 1,1,1
30063440781-2020-1-7.jpg 1,1,0
30063440795-2020-1-7.jpg 1,0,0
30062790891-2020-1-7.jpg 1,1,1
30063760898-2020-1-7.jpg 1,1,1
30062460463-2020-1-7.jpg 1,1,1
30062460580-2020-1-7.jpg 1,1,1
30063440750-2020-1-7.jpg 1,1,0
30062461402-2020-1-7.jpg 1,1,1
30062460113-2020-1-7.jpg 1,1,1
30063441230-2020-1-7.jpg 1,1,0
08087335094-2020-1-7.jpg 1,1,1
05096920055-2020-1-7.jpg 1,0,0
30063440176-2020-1-7.jpg 1,1,1
06138247309-2020-1-7.jpg 1,1,0
30062790990-2020-1-7.jpg 1,1,1
30063440596-2020-1-7.jpg 1,1,1
30063440790-2020-1-7.jpg 1,1,1
30063440342-2020-1-7.jpg 1,1,1
30063440815-2020-1-7.jpg 1,1,1
30063760891-2020-1-7.jpg 1,1,1
30063440373-2020-1-7.jpg 0,0,0
08077020027-2020-1-7.jpg 0,0,0
08057330230-2020-1-7.jpg 1,1,1
08087331186-2020-1-7.jpg 1,1,1
30063440716-2020-1-7.jpg 1,1,1
30063441428-2020-1-7.jpg 1,1,0
30063440032-2020-1-7.jpg 1,1,1
30063440364-2020-1-7.jpg 1,1,0
30063441237-2020-1-7.jpg 1,1,1
30063070208-2020-1-7.jpg 0,0,0
30063440813-2020-1-7.jpg 1,1,1
30063590209-2020-1-7.jpg 1,1,1
30063441054-2020-1-7.jpg 1,1,1
30062460082-2020-1-7.jpg 1,1,1
06138246453-2020-1-7.jpg 1,1,1
30063440254-2020-1-7.jpg 1,1,1
30062461341-2020-1-7.jpg 1,1,1
06108250026-2020-1-7.jpg 1,1,0
30063441139-2020-1-7.jpg 1,1,1
06127230382-2020-1-5.jpg 1,1,0
08077035343-2020-1-7.jpg 1,1,1
08087335196-2020-1-7.jpg 1,1,1
30063070299-2020-1-7.jpg 1,1,1
30062790330-2020-1-7.jpg 1,1,0
30063761251-2020-1-7.jpg 1,1,1
30063441744-2020-1-7.jpg 1,1,0
30062461282-2020-1-7.jpg 1,1,1
30062460547-2020-1-7.jpg 1,1,0
30063441178-2020-1-7.jpg 1,1,1
06138247008-2020-1-7.jpg 1,1,1
30063070098-2020-1-7.jpg 1,0,0
30062790912-2020-1-7.jpg 1,1,1
30062790631-2020-1-7.jpg 1,1,1
30063441058-2020-1-7.jpg 1,1,1
30063760874-2020-1-7.jpg 1,1,1
30063070210-2020-1-8.jpg 1,1,1
08077200213-2020-1-7.jpg 1,1,1
30063441415-2020-1-7.jpg 1,1,0
30063440819-2020-1-7.jpg 1,1,1
30063440015-2020-1-7.jpg 1,1,1
30063260167-2020-1-7.jpg 1,1,1
30062460108-2020-1-7.jpg 1,1,1
08077016173-2020-1-7.jpg 1,1,1
30062790818-2020-1-7.jpg 1,1,1
30063590385-2020-1-7.jpg 1,1,1
30063440573-2020-1-7.jpg 1,1,1
30062460265-2020-1-7.jpg 1,0,0
06106720010-2020-1-7.jpg 1,1,1
30063590021-2020-1-7.jpg 1,1,1
30063441903-2020-1-7.jpg 1,1,1
30063760942-2020-1-7.jpg 1,1,1
08057330220-2020-1-7.jpg 1,1,1
30062460632-2020-1-7.jpg 1,1,0
30063441456-2020-1-7.jpg 1,0,0
05097020110-2020-1-7.jpg 1,1,1
30063441182-2020-1-7.jpg 1,1,0
06106740018-2020-1-7.jpg 1,1,1
30063440727-2020-1-7.jpg 0,0,0
30062461311-2020-1-7.jpg 1,1,1
08057340508-2020-1-7.jpg 1,1,0
30062461333-2020-1-7.jpg 1,1,1
30063440027-2020-1-7.jpg 0,0,0
30062460623-2020-1-7.jpg 1,1,1
08087335105-2020-1-7.jpg 1,1,1
30063070091-2020-1-7.jpg 1,1,1
30063070355-2020-1-7.jpg 1,1,1
30062790502-2020-1-7.jpg 1,1,1
30063590099-2020-1-7.jpg 1,1,0
30063441912-2020-1-7.jpg 1,1,1
30063590009-2020-1-7.jpg 1,1,1
30063440150-2020-1-7.jpg 1,1,0
30062790224-2020-1-7.jpg 1,1,1
30063441047-2020-1-7.jpg 1,1,0
30063761061-2020-1-7.jpg 1,1,1
30063441176-2020-1-7.jpg 1,1,1
30063590249-2020-1-7.jpg 1,1,1
30062790027-2020-1-7.jpg 1,1,1
30062790316-2020-1-7.jpg 1,1,1
30063070318-2020-1-7.jpg 1,0,1
30063590289-2020-1-7.jpg 1,1,1
30063070148-2020-1-7.jpg 1,1,1
30063440571-2020-1-7.jpg 1,1,1
30062447976-2020-1-7.jpg 1,1,1
08087335529-2020-1-7.jpg 1,1,1
06137275346-2020-1-7.jpg 0,0,0
30063441928-2020-1-7.jpg 1,1,1
30063441732-2020-1-7.jpg 1,1,1
30062790066-2020-1-7.jpg 1,1,1
08087350941-2020-1-7.jpg 1,1,1
08077015905-2020-1-7.jpg 1,1,1
30063070160-2020-1-7.jpg 1,1,1
30063440357-2020-1-7.jpg 1,1,0
30063070183-2020-1-7.jpg 1,1,1
30062790267-2020-1-7.jpg 1,1,1
30063440332-2020-1-7.jpg 1,1,1
06138247025-2020-1-7.jpg 1,1,1
30063440238-2020-1-7.jpg 0,0,0
30063440726-2020-1-7.jpg 1,1,1
30063070288-2020-1-7.jpg 1,1,1
30062763848-2020-1-7.jpg 1,1,1
30062461281-2020-1-7.jpg 1,1,1
30063070158-2020-1-7.jpg 1,1,1
08057340073-2020-1-7.jpg 1,1,1
06138247909-2020-1-7.jpg 1,1,1
30063760657-2020-1-7.jpg 1,1,1
30062410070-2020-1-7.jpg 1,1,1
30062790994-2020-1-7.jpg 1,1,1
30062460661-2020-1-7.jpg 1,1,1
30063260061-2020-1-7.jpg 1,1,1
30063440001-2020-1-7.jpg 1,1,1
30062460583-2020-1-7.jpg 1,0,0
30063441041-2020-1-7.jpg 0,0,0
30062790485-2020-1-7.jpg 1,1,0
30063590304-2020-1-7.jpg 1,1,1
30063440178-2020-1-7.jpg 0,0,0
30063070323-2020-1-7.jpg 1,1,1
30062790310-2020-1-7.jpg 0,0,0
30063441536-2020-1-7.jpg 1,1,1
30063440265-2020-1-7.jpg 1,1,1
30063440135-2020-1-7.jpg 0,0,0
30062440030-2020-1-7.jpg 1,1,0
30063590426-2020-1-7.jpg 1,1,1
30062447982-2020-1-7.jpg 1,1,1
30062791145-2020-1-7.jpg 1,1,1
30062461136-2020-1-7.jpg 1,1,1
30063441441-2020-1-7.jpg 0,0,0
30063441009-2020-1-7.jpg 1,1,0
08057330186-2020-1-7.jpg 1,1,1
30063760862-2020-1-7.jpg 1,0,1
30063590225-2020-1-7.jpg 1,1,1
08087331792-2020-1-7.jpg 1,1,1
30063761045-2020-1-7.jpg 1,1,0
30063440367-2020-1-7.jpg 1,1,1
30062447983-2020-1-7.jpg 1,1,1
30063440294-2020-1-7.jpg 1,1,1
30062460572-2020-1-7.jpg 0,0,0
30062790627-2020-1-7.jpg 1,1,1
30063761540-2020-1-7.jpg 1,0,1
30062461338-2020-1-7.jpg 1,1,1
30062410117-2020-1-7.jpg 1,1,0
30063760885-2020-1-7.jpg 1,1,1
06107270039-2020-1-7.jpg 1,1,1
30063070093-2020-1-7.jpg 1,1,1
06138256566-2020-1-7.jpg 1,1,1
06138256569-2020-1-7.jpg 1,1,1
30062460013-2020-1-7.jpg 1,1,1
30063441906-2020-1-7.jpg 1,1,1
30063260261-2020-1-7.jpg 1,1,1
30063070298-2020-1-7.jpg 0,0,0
30063070178-2020-1-7.jpg 1,1,1
30062790936-2020-1-7.jpg 1,1,1
30063440223-2020-1-7.jpg 1,1,1
30062790015-2020-1-7.jpg 1,1,1
30062790903-2020-1-7.jpg 1,0,0
30063070319-2020-1-7.jpg 1,1,1
30063761010-2020-1-7.jpg 1,1,1
30062790662-2020-1-7.jpg 1,1,1
30063440327-2020-1-7.jpg 0,0,0
30063441436-2020-1-7.jpg 1,1,1
08087335534-2020-1-7.jpg 1,1,1
30063441746-2020-1-7.jpg 0,0,0
30062460295-2020-1-7.jpg 1,1,1
30063590235-2020-1-7.jpg 1,1,1
30063761288-2020-1-7.jpg 1,1,1
08067845056-2020-1-7.jpg 0,0,0
30063441085-2020-1-7.jpg 1,0,0
30063590368-2020-1-7.jpg 1,1,0
08077015901-2020-1-7.jpg 1,1,1
30063760801-2020-1-7.jpg 1,1,1
06138241029-2020-1-7.jpg 1,1,1
30063761025-2020-1-7.jpg 1,1,1
30063441385-2020-1-7.jpg 1,1,1
30063440200-2020-1-7.jpg 1,1,0
30063070265-2020-1-7.jpg 1,1,1
30063761554-2020-1-7.jpg 1,0,1
30063441118-2020-1-7.jpg 1,1,1
30063590076-2020-1-7.jpg 1,1,1
06056537291-2020-1-6.jpg 1,1,1
30063761017-2020-1-7.jpg 1,1,1
30063761259-2020-1-7.jpg 1,1,1
30063070307-2020-1-7.jpg 1,1,1
06138247323-2020-1-7.jpg 1,1,1
30063440208-2020-1-7.jpg 1,1,1
30063590165-2020-1-7.jpg 1,1,1
08057330034-2020-1-7.jpg 0,0,1
30062791002-2020-1-7.jpg 1,1,1
30062460582-2020-1-7.jpg 1,1,1
30062410205-2020-1-7.jpg 1,1,0
30063260171-2020-1-7.jpg 1,1,1
30062460505-2020-1-7.jpg 1,1,1
08077016174-2020-1-7.jpg 1,1,1
30063590150-2020-1-7.jpg 1,1,1
30063590168-2020-1-7.jpg 1,1,1
30063441203-2020-1-7.jpg 1,1,1
30062460124-2020-1-7.jpg 1,1,1
30062790232-2020-1-7.jpg 1,1,1
30063070223-2020-1-7.jpg 1,1,1
30063440668-2020-1-7.jpg 1,1,0
30063440249-2020-1-7.jpg 1,1,1
30062790854-2020-1-7.jpg 1,1,1
30063070184-2020-1-7.jpg 1,1,1
30063070164-2020-1-7.jpg 1,1,1
06106740002-2020-1-7.jpg 1,1,1
30063260181-2020-1-7.jpg 1,1,1
30062790472-2020-1-7.jpg 1,1,1
30063760651-2020-1-7.jpg 1,1,1
30062461135-2020-1-7.jpg 1,0,0
30063590028-2020-1-7.jpg 1,1,1
06107270065-2020-1-7.jpg 1,1,0
08077200060-2020-1-7.jpg 1,1,1
05096920170-2020-1-7.jpg 1,1,1
30063441021-2020-1-7.jpg 1,1,1
30062410063-2020-1-7.jpg 1,1,1
30062791005-2020-1-7.jpg 1,1,1
30063440287-2020-1-7.jpg 1,1,0
08087330822-2020-1-7.jpg 1,1,1
30062410198-2020-1-7.jpg 1,1,1
30063441120-2020-1-7.jpg 1,1,0
06138246406-2020-1-7.jpg 1,0,0
30062410245-2020-1-7.jpg 1,1,1
30062790963-2020-1-7.jpg 1,1,0
30063761511-2020-1-7.jpg 1,1,1
30062790490-2020-1-7.jpg 1,1,1
30062790138-2020-1-7.jpg 1,1,0
30062790646-2020-1-7.jpg 1,1,1
30063070003-2020-1-7.jpg 1,1,0
06138256629-2020-1-7.jpg 1,1,1
08077015365-2020-1-7.jpg 1,1,1
06138247031-2020-1-7.jpg 0,0,0
06108250005-2020-1-7.jpg 1,1,1
30063441455-2020-1-7.jpg 1,1,1
30063070271-2020-1-7.jpg 1,1,1
30062790724-2020-1-7.jpg 1,1,1
30063450211-2020-1-7.jpg 1,1,1
30063260172-2020-1-7.jpg 1,1,1
30063590211-2020-1-7.jpg 1,1,1
08087335167-2020-1-7.jpg 1,1,1
30062460261-2020-1-7.jpg 1,1,1
30063070195-2020-1-7.jpg 0,0,0
30062790336-2020-1-7.jpg 1,1,1
30063440199-2020-1-7.jpg 1,1,1
30063070278-2020-1-7.jpg 1,1,1
30063440234-2020-1-7.jpg 1,1,1
30062790022-2020-1-7.jpg 1,1,1
30063760915-2020-1-7.jpg 1,1,1
06138247336-2020-1-7.jpg 1,1,1
30063440924-2020-1-7.jpg 1,1,1
30062460613-2020-1-7.jpg 0,0,0
30063440323-2020-1-7.jpg 1,1,1
06138246449-2020-1-7.jpg 1,1,1
06108250022-2020-1-7.jpg 1,1,0
06106740010-2020-1-7.jpg 1,1,1
30063441761-2020-1-7.jpg 1,1,1
06056538906-2020-1-4.jpg 1,0,0
30062790820-2020-1-7.jpg 1,1,1
30063440738-2020-1-7.jpg 1,1,0
30063070197-2020-1-7.jpg 1,1,0
30063450004-2020-1-7.jpg 1,1,1
30062790282-2020-1-7.jpg 1,1,1
30063070310-2020-1-7.jpg 1,1,1
30062790953-2020-1-7.jpg 1,1,1
30063440558-2020-1-7.jpg 1,1,1
30063440257-2020-1-7.jpg 1,1,1
30062460640-2020-1-7.jpg 1,1,1
08087331148-2020-1-7.jpg 1,1,1
30063260355-2020-1-7.jpg 1,1,1
30063441954-2020-1-7.jpg 1,1,1
30063260161-2020-1-7.jpg 1,1,1
30062790226-2020-1-7.jpg 1,1,1
30062460314-2020-1-7.jpg 1,1,1
08058821820-2020-1-7.jpg 1,1,1
30063070203-2020-1-7.jpg 1,1,0
30063761244-2020-1-7.jpg 1,1,1
30063440731-2020-1-7.jpg 1,1,1
30063760786-2020-1-7.jpg 1,1,1
08087335531-2020-1-7.jpg 1,1,1
30063070264-2020-1-7.jpg 1,1,1
30062763849-2020-1-7.jpg 1,1,1
08087335104-2020-1-7.jpg 1,1,1
30063590391-2020-1-7.jpg 1,1,1
30063070283-2020-1-7.jpg 1,1,1
30062461250-2020-1-7.jpg 1,1,1
06106720005-2020-1-7.jpg 1,1,1
30063070125-2020-1-7.jpg 1,1,1
30063070018-2020-1-7.jpg 1,1,1
30063070026-2020-1-7.jpg 0,0,0
30062791020-2020-1-7.jpg 1,1,1
06107290017-2020-1-7.jpg 1,1,1
30062790491-2020-1-7.jpg 1,1,1
30062461209-2020-1-7.jpg 1,1,1
30062790911-2020-1-7.jpg 1,1,1
30063760861-2020-1-7.jpg 0,0,0
30062790331-2020-1-7.jpg 1,1,1
30063440152-2020-1-7.jpg 1,1,0
30062790139-2020-1-8.jpg 1,1,1
06108250001-2020-1-7.jpg 1,1,1
30063761265-2020-1-7.jpg 1,1,1
30062763853-2020-1-7.jpg 1,1,1
30062790311-2020-1-7.jpg 1,1,1
06108250006-2020-1-7.jpg 1,1,1
30063070313-2020-1-7.jpg 1,1,1
30062790659-2020-1-7.jpg 1,1,1
06108250009-2020-1-7.jpg 1,1,1
30062460497-2020-1-7.jpg 1,1,1
30062791018-2020-1-7.jpg 1,1,1
06138247341-2020-1-7.jpg 1,1,1
30062790848-2020-1-7.jpg 1,1,1
30062461316-2020-1-7.jpg 1,1,1
06138256592-2020-1-7.jpg 1,1,1
30062791025-2020-1-7.jpg 1,1,1
30063761409-2020-1-7.jpg 1,1,1
30063441535-2020-1-7.jpg 1,1,1
30062461304-2020-1-7.jpg 1,1,1
30062790279-2020-1-7.jpg 1,1,1
30063441529-2020-1-7.jpg 1,1,1
30063761273-2020-1-7.jpg 1,1,1
30062447985-2020-1-7.jpg 1,0,0
30063070166-2020-1-7.jpg 1,1,1
30063761514-2020-1-7.jpg 0,0,0
30063440039-2020-1-7.jpg 1,0,1
30063441749-2020-1-7.jpg 1,0,0
06106720011-2020-1-7.jpg 1,1,0
30062460324-2020-1-7.jpg 1,1,1
30063590318-2020-1-7.jpg 1,1,1
30063761021-2020-1-7.jpg 1,1,0
30062447975-2020-1-7.jpg 1,0,0
30063070236-2020-1-7.jpg 1,1,0
30063260170-2020-1-7.jpg 1,1,1
08087335539-2020-1-7.jpg 1,1,1
30063070015-2020-1-7.jpg 1,1,1
30063440595-2020-1-7.jpg 1,1,1
30063440235-2020-1-7.jpg 1,1,1
30062790487-2020-1-7.jpg 1,1,1
06108250010-2020-1-7.jpg 1,1,1
30062460768-2020-1-7.jpg 1,1,1
30062410149-2020-1-7.jpg 1,1,1
30063760661-2020-1-7.jpg 1,1,1
06138247939-2020-1-7.jpg 1,1,1
08077150121-2020-1-7.jpg 1,1,1
30062790032-2020-1-7.jpg 1,1,1
30063441778-2020-1-7.jpg 1,0,0
30062460680-2020-1-7.jpg 1,1,1
30063441198-2020-1-7.jpg 1,1,1
30062460114-2020-1-7.jpg 1,1,1
30063440899-2020-1-7.jpg 0,0,0
30063070250-2020-1-7.jpg 1,1,0
30063440231-2020-1-7.jpg 0,0,0
30063440696-2020-1-7.jpg 1,1,1
06138247331-2020-1-7.jpg 1,1,1
08087335514-2020-1-7.jpg 1,1,1
30063070225-2020-1-7.jpg 1,1,0
30063441180-2020-1-7.jpg 1,0,0
30063070162-2020-1-7.jpg 1,1,1
30063590345-2020-1-7.jpg 1,1,1
30063441015-2020-1-7.jpg 0,0,0
30063440888-2020-1-7.jpg 0,0,0
30063070168-2020-1-7.jpg 0,0,0
30062410186-2020-1-7.jpg 1,1,1
30063070201-2020-1-7.jpg 1,1,1
08087330821-2020-1-7.jpg 1,1,1
08087335538-2020-1-7.jpg 1,1,0
30063440932-2020-1-7.jpg 1,1,1
30062790601-2020-1-7.jpg 1,1,1
06138247035-2020-1-7.jpg 1,1,1
30063070102-2020-1-7.jpg 0,0,0
06138247906-2020-1-7.jpg 1,1,0
30063590301-2020-1-7.jpg 1,1,1
30062460594-2020-1-7.jpg 1,1,1
30063441454-2020-1-7.jpg 1,1,1
30063450473-2020-1-7.jpg 0,0,0
30062790332-2020-1-7.jpg 1,1,1
30062790141-2020-1-8.jpg 1,1,1
30063440286-2020-1-7.jpg 1,1,1
30063760788-2020-1-7.jpg 1,1,1
30063441525-2020-1-7.jpg 1,1,1
30063590179-2020-1-7.jpg 1,1,1
30062790040-2020-1-8.jpg 1,1,1
30062790882-2020-1-7.jpg 1,1,1
30063441101-2020-1-7.jpg 1,1,1
06106250022-2020-1-7.jpg 1,1,1
08087331119-2020-1-7.jpg 1,1,1
30062790065-2020-1-7.jpg 1,1,1
08077035310-2020-1-7.jpg 1,1,0
30063441538-2020-1-7.jpg 1,1,1
30062790298-2020-1-7.jpg 1,1,1
30063761022-2020-1-7.jpg 1,1,1
30063440906-2020-1-7.jpg 1,1,1
05096920190-2020-1-7.jpg 1,0,1
30063440954-2020-1-7.jpg 1,1,1
30063590245-2020-1-7.jpg 1,1,1
30063441077-2020-1-7.jpg 1,1,1
30063440723-2020-1-7.jpg 1,1,1
30063590146-2020-1-7.jpg 1,1,1
30063441518-2020-1-7.jpg 1,1,1
30063070085-2020-1-7.jpg 1,1,1
30063440188-2020-1-7.jpg 1,1,0
30063761567-2020-1-7.jpg 1,1,1
30062461309-2020-1-7.jpg 1,1,1
30062461289-2020-1-7.jpg 1,1,1
30063440762-2020-1-7.jpg 1,1,1
30063441444-2020-1-7.jpg 1,1,1
30062410069-2020-1-7.jpg 1,1,1
30062461258-2020-1-7.jpg 1,1,1
30063760905-2020-1-7.jpg 1,1,1
06138247918-2020-1-7.jpg 1,1,1
30063070214-2020-1-7.jpg 1,1,1
30063441755-2020-1-7.jpg 1,1,1
30062790314-2020-1-7.jpg 1,1,1
30063441752-2020-1-7.jpg 1,0,0
06106530014-2020-1-6.jpg 1,1,1
30063070370-2020-1-7.jpg 1,1,1
30063070356-2020-1-7.jpg 1,1,1
30063761196-2020-1-7.jpg 1,1,1
30063440840-2020-1-7.jpg 1,1,0
30062790223-2020-1-7.jpg 1,1,1
30063590183-2020-1-7.jpg 1,1,1
08087340074-2020-1-7.jpg 1,1,1
30063440247-2020-1-7.jpg 1,1,1
30062790888-2020-1-7.jpg 1,1,1
30063070268-2020-1-7.jpg 1,1,1
30063070159-2020-1-7.jpg 1,1,1
30063260013-2020-1-7.jpg 1,1,1
30063070367-2020-1-7.jpg 1,1,1
06137295500-2020-1-6.jpg 1,1,0
30062790813-2020-1-7.jpg 1,1,1
30062460581-2020-1-7.jpg 1,1,1
08077015780-2020-1-7.jpg 0,0,0
06106720008-2020-1-7.jpg 1,1,1
30063440732-2020-1-7.jpg 1,1,1
30062791003-2020-1-7.jpg 1,1,0
30063760650-2020-1-7.jpg 1,1,1
30063441780-2020-1-7.jpg 1,1,0
06138247028-2020-1-7.jpg 1,1,0
30063070013-2020-1-7.jpg 1,1,1
06138247002-2020-1-7.jpg 1,1,1
30062790840-2020-1-7.jpg 1,1,1
30062790046-2020-1-7.jpg 1,1,1
30063070130-2020-1-7.jpg 1,1,1
30063440280-2020-1-7.jpg 1,1,0
30063590312-2020-1-7.jpg 1,1,1
30063440017-2020-1-7.jpg 1,1,1
30063070189-2020-1-7.jpg 1,1,1
30063070332-2020-1-8.jpg 1,1,1
30063440030-2020-1-7.jpg 0,0,0
30063440177-2020-1-7.jpg 1,1,1
30062790919-2020-1-7.jpg 1,1,1
08087335084-2020-1-7.jpg 1,1,1
30063441212-2020-1-7.jpg 1,1,1
30063590126-2020-1-7.jpg 1,0,0
30063440328-2020-1-7.jpg 1,1,1
08087340127-2020-1-7.jpg 1,1,1
30062410156-2020-1-7.jpg 1,1,0
30063440022-2020-1-7.jpg 1,1,1
08087331080-2020-1-7.jpg 1,1,1
30062790503-2020-1-7.jpg 1,1,1
30062790916-2020-1-7.jpg 1,1,1
30062460383-2020-1-7.jpg 1,1,1
30063070012-2020-1-7.jpg 1,1,1
30063441932-2020-1-7.jpg 1,0,0
30063070024-2020-1-7.jpg 1,1,1
30063440818-2020-1-7.jpg 1,0,1
30063440037-2020-1-7.jpg 1,1,1
30063440654-2020-1-7.jpg 1,1,0
30063440810-2020-1-7.jpg 1,1,1
30063441520-2020-1-7.jpg 1,1,1
30062460096-2020-1-7.jpg 1,1,1
30063260064-2020-1-7.jpg 1,1,1
30063441025-2020-1-7.jpg 1,1,0
30063260065-2020-1-7.jpg 1,1,1
30063070230-2020-1-7.jpg 1,1,1
30063440893-2020-1-7.jpg 1,1,1
30062790098-2020-1-7.jpg 1,0,0
30063070001-2020-1-7.jpg 1,1,0
30063761041-2020-1-7.jpg 1,1,1
30063260188-2020-1-7.jpg 1,0,0
30062461145-2020-1-7.jpg 1,1,1
30063590036-2020-1-7.jpg 1,1,1
30062460490-2020-1-7.jpg 1,1,1
30063590136-2020-1-7.jpg 1,1,1
08087335532-2020-1-7.jpg 1,1,1
30062790037-2020-1-7.jpg 1,1,1
30063070172-2020-1-7.jpg 1,1,1
08087335275-2020-1-7.jpg 1,1,1
30062763838-2020-1-7.jpg 1,1,1
30062790908-2020-1-7.jpg 1,1,0
30063441022-2020-1-7.jpg 1,1,0
08087335095-2020-1-7.jpg 1,1,1
30062790989-2020-1-7.jpg 1,1,1
30063070227-2020-1-7.jpg 1,1,0
08067845060-2020-1-7.jpg 1,1,1
30063070016-2020-1-7.jpg 0,0,0
30063440016-2020-1-7.jpg 1,1,1
30063590018-2020-1-7.jpg 1,1,1
30063070292-2020-1-7.jpg 1,1,1
30063590138-2020-1-7.jpg 1,1,0
30063450668-2020-1-7.jpg 1,1,1
30063590188-2020-1-8.jpg 1,1,0
30063070021-2020-1-7.jpg 1,1,1
30062790821-2020-1-7.jpg 1,1,1
30063440782-2020-1-7.jpg 1,1,1
30062790097-2020-1-7.jpg 1,1,1
30063070194-2020-1-7.jpg 1,1,1
30063760857-2020-1-7.jpg 0,0,1
06138247938-2020-1-7.jpg 1,1,1
30063441936-2020-1-7.jpg 1,1,1
08087335225-2020-1-7.jpg 1,1,1
30062790126-2020-1-7.jpg 1,1,1
30063440890-2020-1-7.jpg 0,0,0
06138247017-2020-1-7.jpg 1,1,1
30063440014-2020-1-7.jpg 1,1,1
30063761379-2020-1-7.jpg 0,0,1
30063440656-2020-1-7.jpg 0,0,0
30062460263-2020-1-7.jpg 1,1,1
30063440355-2020-1-7.jpg 1,1,0
30062461329-2020-1-7.jpg 1,0,0
30063590191-2020-1-7.jpg 1,1,1
30063441430-2020-1-7.jpg 1,1,0
30062790542-2020-1-7.jpg 0,0,0
30062460516-2020-1-7.jpg 1,1,1
30063400253-2020-1-7.jpg 1,1,1
30063440917-2020-1-7.jpg 1,1,0
30062461265-2020-1-7.jpg 1,1,0
08057340198-2020-1-7.jpg 1,1,1
30063761340-2020-1-7.jpg 1,1,1
30062460674-2020-1-7.jpg 1,1,1
30062460330-2020-1-7.jpg 0,0,0
30062460087-2020-1-7.jpg 1,1,1
30063440132-2020-1-7.jpg 0,0,0
30062790473-2020-1-7.jpg 1,1,1
06106720004-2020-1-7.jpg 1,1,1
30063761032-2020-1-7.jpg 1,1,1
30063440910-2020-1-7.jpg 1,1,1
30063070312-2020-1-7.jpg 1,1,1
08057330006-2020-1-7.jpg 0,0,0
30063441083-2020-1-7.jpg 1,1,1
30062790647-2020-1-7.jpg 1,1,1
30063590281-2020-1-7.jpg 1,1,1
30062790811-2020-1-7.jpg 1,1,1
08077200203-2020-1-7.jpg 1,1,1
08087335205-2020-1-7.jpg 1,1,1
30063590203-2020-1-7.jpg 1,1,1
30062790434-2020-1-7.jpg 1,1,1
30063440229-2020-1-7.jpg 1,1,1
30063761203-2020-1-7.jpg 1,1,0
30063441868-2020-1-7.jpg 1,1,1
30063441962-2020-1-7.jpg 1,1,1
30062763844-2020-1-7.jpg 1,1,1
30062790044-2020-1-7.jpg 1,1,1
30063070128-2020-1-7.jpg 1,1,1
30062790922-2020-1-7.jpg 0,0,0
30063440365-2020-1-7.jpg 1,1,1
30063260183-2020-1-7.jpg 1,1,1
30063440139-2020-1-7.jpg 0,0,0
06107870030-2020-1-6.jpg 1,1,1
30063760892-2020-1-7.jpg 1,1,1
30063441547-2020-1-7.jpg 1,1,0
08077200148-2020-1-7.jpg 1,1,1
30063440593-2020-1-7.jpg 1,1,1
30063761425-2020-1-7.jpg 1,1,1
30063070027-2020-1-7.jpg 1,1,1
30062460150-2020-1-7.jpg 1,1,1
30062790810-2020-1-7.jpg 1,1,1
30063590222-2020-1-7.jpg 1,1,1
30063440944-2020-1-7.jpg 1,1,1
30063070135-2020-1-8.jpg 1,1,1
30063440245-2020-1-7.jpg 1,1,1
30062461339-2020-1-7.jpg 1,1,0
30062460521-2020-1-7.jpg 1,1,0
30062790281-2020-1-7.jpg 1,1,1
30063441951-2020-1-7.jpg 1,1,1
30063761267-2020-1-7.jpg 1,1,1
30062790242-2020-1-7.jpg 1,1,1
30062460573-2020-1-7.jpg 0,0,0
30063761463-2020-1-7.jpg 1,1,1
30063760859-2020-1-7.jpg 1,1,1
30063260365-2020-1-7.jpg 1,1,1
30063590249-2020-1-8.jpg 1,0,1
30062790043-2020-1-7.jpg 1,1,1
06137295160-2020-1-7.jpg 1,1,1
08052330009-2020-1-7.jpg 1,1,1
30062790623-2020-1-7.jpg 1,1,1
30063441939-2020-1-7.jpg 1,1,1
30063441398-2020-1-7.jpg 1,1,0
30063070169-2020-1-7.jpg 0,0,0
30063070384-2020-1-7.jpg 1,1,0
30062461292-2020-1-7.jpg 1,1,1
08087335747-2020-1-7.jpg 1,1,1
30062790025-2020-1-7.jpg 1,1,1
30063070226-2020-1-7.jpg 1,1,1
08057340324-2020-1-7.jpg 1,1,1
30062763852-2020-1-7.jpg 1,1,1
30063070311-2020-1-7.jpg 1,1,1
30063440197-2020-1-7.jpg 1,1,1
30062460276-2020-1-7.jpg 1,0,0
30062460468-2020-1-7.jpg 1,1,1
30063440025-2020-1-7.jpg 1,1,1
30063441443-2020-1-7.jpg 1,1,1
30063070328-2020-1-7.jpg 1,1,0
30062790438-2020-1-7.jpg 1,1,1
30063590190-2020-1-7.jpg 1,1,1
30063070275-2020-1-7.jpg 1,1,1
30063760851-2020-1-7.jpg 1,1,1
30063070181-2020-1-7.jpg 1,1,1
30063761255-2020-1-7.jpg 1,1,1
30063440700-2020-1-7.jpg 1,1,1
30063440297-2020-1-7.jpg 1,1,1
30063440850-2020-1-7.jpg 1,1,0
30063590105-2020-1-7.jpg 1,1,1
30063440831-2020-1-7.jpg 1,1,1
30063440264-2020-1-7.jpg 1,1,1
30063590011-2020-1-7.jpg 1,1,1
30063440203-2020-1-7.jpg 1,1,1
30063070198-2020-1-7.jpg 1,1,1
30063590275-2020-1-8.jpg 1,1,1
30063440817-2020-1-7.jpg 0,0,0
30062460260-2020-1-7.jpg 1,1,1
30063441093-2020-1-7.jpg 1,0,0
06138246452-2020-1-7.jpg 1,1,0
30063440555-2020-1-7.jpg 1,1,1
30063760645-2020-1-7.jpg 1,1,1
30063441895-2020-1-7.jpg 1,1,1
30063070252-2020-1-8.jpg 1,1,1
30063440837-2020-1-7.jpg 1,1,1
30063440717-2020-1-7.jpg 1,1,1
30063070274-2020-1-7.jpg 1,1,1
30062460469-2020-1-7.jpg 1,1,1
30062790069-2020-1-7.jpg 1,1,0
30062790319-2020-1-7.jpg 1,1,1
30063440574-2020-1-7.jpg 1,1,1
30063440421-2020-1-7.jpg 1,1,1
30063260308-2020-1-7.jpg 1,1,1
30062790892-2020-1-7.jpg 1,1,1
30063441442-2020-1-7.jpg 1,1,1
05096900790-2020-1-7.jpg 1,1,1
30063440105-2020-1-7.jpg 1,1,1
30063441946-2020-1-7.jpg 1,1,0
30063760652-2020-1-7.jpg 1,1,1
30063590169-2020-1-7.jpg 1,1,1
30063440288-2020-1-7.jpg 1,1,1
30063760854-2020-1-7.jpg 0,0,0
30063440341-2020-1-7.jpg 1,1,1
08087350836-2020-1-7.jpg 1,1,1
30063590118-2020-1-7.jpg 1,1,1
30062410066-2020-1-7.jpg 1,1,1
30062790929-2020-1-7.jpg 1,1,1
30063441388-2020-1-7.jpg 1,1,0
30063590148-2020-1-7.jpg 1,1,1
30062410109-2020-1-7.jpg 1,1,1
30063441140-2020-1-7.jpg 1,1,1
06137270073-2020-1-7.jpg 1,1,1
30063760846-2020-1-7.jpg 1,1,1
30062460116-2020-1-7.jpg 0,0,0
30063441495-2020-1-7.jpg 1,1,0
30063070140-2020-1-7.jpg 1,1,1
30063760853-2020-1-7.jpg 1,1,1
08057340086-2020-1-7.jpg 1,1,0
30062790070-2020-1-7.jpg 1,1,1
30063440360-2020-1-7.jpg 1,1,0
30063761524-2020-1-7.jpg 1,1,0
06138256573-2020-1-7.jpg 1,1,1
30063440953-2020-1-7.jpg 1,1,1
30063440356-2020-1-7.jpg 1,1,1
30063440701-2020-1-7.jpg 1,1,1
06138256593-2020-1-7.jpg 1,1,0
30063761254-2020-1-7.jpg 1,1,1
30062790470-2020-1-7.jpg 1,1,1
06138247944-2020-1-7.jpg 0,0,0
30063760932-2020-1-7.jpg 1,1,1
30062460480-2020-1-7.jpg 1,1,1
30063440324-2020-1-7.jpg 1,1,1
30063760927-2020-1-7.jpg 1,1,1
30063440353-2020-1-7.jpg 1,1,1
30062460317-2020-1-7.jpg 1,1,1
30063440823-2020-1-7.jpg 1,1,1
30063590125-2020-1-7.jpg 1,1,0
30063260406-2020-1-7.jpg 1,1,1
06106740001-2020-1-7.jpg 1,1,1
30062790476-2020-1-7.jpg 1,1,1
30062790907-2020-1-7.jpg 1,1,1
30063441216-2020-1-7.jpg 1,0,0
30062790720-2020-1-7.jpg 1,1,1
30062461249-2020-1-7.jpg 1,1,1
30063260218-2020-1-7.jpg 1,1,1
06108250012-2020-1-7.jpg 1,1,0
30063760802-2020-1-7.jpg 1,1,1
30062790607-2020-1-7.jpg 1,1,1
08087335188-2020-1-7.jpg 1,1,1
30062460066-2020-1-7.jpg 1,1,1
30063440407-2020-1-7.jpg 1,1,1
06138247907-2020-1-7.jpg 1,1,1
30063441059-2020-1-7.jpg 0,0,0
08087331776-2020-1-7.jpg 1,1,1
06138247919-2020-1-7.jpg 1,1,0
30063760959-2020-1-7.jpg 1,1,1
08077015624-2020-1-7.jpg 0,0,0
30063590089-2020-1-7.jpg 1,1,1
30063440821-2020-1-7.jpg 1,1,1
30063440735-2020-1-7.jpg 1,1,1
30062460669-2020-1-7.jpg 1,1,1
30062790492-2020-1-7.jpg 1,1,1
30063761011-2020-1-7.jpg 1,1,1
08087331768-2020-1-7.jpg 1,1,1
30062460264-2020-1-7.jpg 1,1,0
30063070282-2020-1-7.jpg 1,1,1
30063440702-2020-1-7.jpg 1,1,1
30063400292-2020-1-7.jpg 1,1,1
30063590412-2020-1-7.jpg 1,1,1
30063590327-2020-1-7.jpg 1,1,0
30062791146-2020-1-7.jpg 1,1,1
08087335233-2020-1-7.jpg 1,1,1
30063761506-2020-1-7.jpg 1,1,1
30062410081-2020-1-7.jpg 1,1,0
30062460275-2020-1-7.jpg 1,1,1
30063440947-2020-1-7.jpg 1,0,0
30062790624-2020-1-7.jpg 1,1,1
30063590078-2020-1-7.jpg 1,1,1
30062460273-2020-1-7.jpg 1,1,1
30063761394-2020-1-7.jpg 1,1,1
30062790819-2020-1-7.jpg 1,1,1
30063761419-2020-1-7.jpg 1,1,1
30062410079-2020-1-7.jpg 0,0,0
30062460118-2020-1-7.jpg 1,1,1
08087331774-2020-1-7.jpg 1,1,1
30063440289-2020-1-7.jpg 1,1,1
30063761264-2020-1-7.jpg 1,1,1
30063440186-2020-1-7.jpg 0,0,0
30063440787-2020-1-7.jpg 1,1,0
30063760828-2020-1-7.jpg 1,1,1
30062790248-2020-1-7.jpg 1,1,1
30063400388-2020-1-7.jpg 1,1,0
30063440852-2020-1-7.jpg 1,0,0
30063760954-2020-1-7.jpg 1,1,1
30063440262-2020-1-7.jpg 1,1,0
30063441668-2020-1-7.jpg 1,1,1
30063440204-2020-1-7.jpg 1,1,1
08057340444-2020-1-7.jpg 1,1,1
30062790749-2020-1-7.jpg 1,1,1
08077035016-2020-1-7.jpg 1,1,1
30062460646-2020-1-7.jpg 1,1,1
30063441055-2020-1-7.jpg 1,1,1
30062790931-2020-1-7.jpg 1,1,1
30062460515-2020-1-7.jpg 1,1,1
30062790249-2020-1-7.jpg 1,1,1
30063070382-2020-1-7.jpg 1,1,0
30062790275-2020-1-7.jpg 1,1,0
06138247034-2020-1-7.jpg 1,1,1
08077200088-2020-1-7.jpg 1,1,0
30062401450-2020-1-7.jpg 1,1,1
30062460414-2020-1-7.jpg 1,1,1
30062460466-2020-1-7.jpg 1,1,1
30063590198-2020-1-7.jpg 1,1,1
08077200238-2020-1-7.jpg 1,1,1
30063440788-2020-1-7.jpg 1,1,0
30062790686-2020-1-7.jpg 1,1,1
30063590390-2020-1-7.jpg 1,1,1
30063590122-2020-1-7.jpg 1,1,0
30063760848-2020-1-7.jpg 1,1,1
30063760797-2020-1-7.jpg 1,1,1
30063590097-2020-1-7.jpg 1,1,1
30063440232-2020-1-7.jpg 0,0,0
08077015749-2020-1-7.jpg 0,0,0
08077015925-2020-1-7.jpg 1,1,1
30063590389-2020-1-7.jpg 1,1,1
30063760790-2020-1-7.jpg 1,1,1
30063070176-2020-1-7.jpg 1,1,1
08087335182-2020-1-7.jpg 1,1,1
30063760918-2020-1-7.jpg 1,1,1
30063441411-2020-1-7.jpg 1,1,1
30063590309-2020-1-7.jpg 1,1,1
06106740012-2020-1-7.jpg 1,1,1
30063440939-2020-1-7.jpg 1,1,1
30063440655-2020-1-7.jpg 1,1,1
30063590202-2020-1-7.jpg 1,1,0
30062790217-2020-1-7.jpg 1,1,1
30063070237-2020-1-7.jpg 1,1,1
30063761516-2020-1-7.jpg 1,1,1
30063761498-2020-1-7.jpg 1,1,0
30063440751-2020-1-7.jpg 1,1,1
30063260293-2020-1-7.jpg 1,1,1
30063760649-2020-1-7.jpg 1,1,1
30063070212-2020-1-7.jpg 1,1,1
30063590363-2020-1-7.jpg 1,1,1
08087331784-2020-1-7.jpg 1,1,1
08057330238-2020-1-7.jpg 0,0,0
30063441013-2020-1-7.jpg 1,1,1
30062460111-2020-1-7.jpg 1,1,1
30063440914-2020-1-7.jpg 1,1,1
08087335204-2020-1-7.jpg 1,1,1
30062460102-2020-1-7.jpg 1,1,1
06138246414-2020-1-7.jpg 1,1,1
30063761055-2020-1-7.jpg 1,1,1
30062790603-2020-1-7.jpg 1,1,1
30062410101-2020-1-7.jpg 1,1,1
30063441498-2020-1-7.jpg 1,1,1
30062410220-2020-1-7.jpg 1,1,1
30063441088-2020-1-7.jpg 1,0,0
30063440216-2020-1-7.jpg 1,1,1
30063441439-2020-1-7.jpg 1,1,0
30063440111-2020-1-7.jpg 1,1,1
30063590197-2020-1-7.jpg 1,1,1
30063590346-2020-1-7.jpg 1,1,0
06108250017-2020-1-7.jpg 1,1,1
30062461270-2020-1-7.jpg 1,1,1
06138256574-2020-1-7.jpg 1,1,1
30063760852-2020-1-7.jpg 1,1,1
08077200187-2020-1-7.jpg 1,1,1
30063070020-2020-1-7.jpg 1,1,1
30063761481-2020-1-7.jpg 1,1,1
30062460486-2020-1-7.jpg 1,1,1
30063400247-2020-1-7.jpg 1,1,1
30063760660-2020-1-7.jpg 1,1,1
08087350983-2020-1-7.jpg 1,1,1
30063590378-2020-1-7.jpg 1,1,1
06108250004-2020-1-7.jpg 1,1,0
30062790047-2020-1-7.jpg 1,1,0
06138247020-2020-1-7.jpg 1,1,1
30063441934-2020-1-7.jpg 1,1,1
30063440202-2020-1-7.jpg 0,0,0
30063070343-2020-1-7.jpg 1,1,0
30062790937-2020-1-7.jpg 1,1,1
30062410222-2020-1-7.jpg 1,1,1
30063070129-2020-1-7.jpg 1,1,1
30062790993-2020-1-7.jpg 1,1,0
30063440545-2020-1-7.jpg 1,1,1
30062790220-2020-1-7.jpg 1,1,1
30062410067-2020-1-7.jpg 1,1,0
30063440350-2020-1-7.jpg 1,1,0
30063070293-2020-1-8.jpg 1,1,1
30063260173-2020-1-7.jpg 1,1,1
30063760656-2020-1-7.jpg 1,1,1
30063070111-2020-1-7.jpg 0,0,0
30063070204-2020-1-7.jpg 1,1,1
30063260301-2020-1-7.jpg 1,1,1
30063070250-2020-1-8.jpg 1,1,1
30062461285-2020-1-7.jpg 1,1,1
30063260195-2020-1-7.jpg 1,1,0
08058821896-2020-1-7.jpg 1,1,1
06138247000-2020-1-7.jpg 1,1,1
30062461319-2020-1-7.jpg 1,1,1
30062790493-2020-1-7.jpg 1,1,1
30062790021-2020-1-7.jpg 1,1,1
08057330099-2020-1-7.jpg 0,0,0
30063070339-2020-1-7.jpg 1,1,1
30062790078-2020-1-7.jpg 1,1,0
30063440110-2020-1-7.jpg 1,1,1
30062790649-2020-1-7.jpg 1,1,1
06138247937-2020-1-7.jpg 1,1,0
30063070233-2020-1-7.jpg 1,1,0
06138256609-2020-1-7.jpg 1,1,1
30063070049-2020-1-7.jpg 1,1,1
30062790944-2020-1-7.jpg 1,1,0
30063761029-2020-1-7.jpg 1,1,0
30063440185-2020-1-7.jpg 1,1,1
30063070153-2020-1-7.jpg 1,1,1
30062790663-2020-1-7.jpg 1,1,0
30062460482-2020-1-7.jpg 1,1,1
30063440191-2020-1-7.jpg 1,0,0
30063761060-2020-1-7.jpg 1,1,1
08057340034-2020-1-7.jpg 1,1,0
30063070294-2020-1-7.jpg 1,1,1
30063441963-2020-1-7.jpg 1,1,1
30063761037-2020-1-7.jpg 1,1,1
30063760908-2020-1-7.jpg 1,1,1
30063441728-2020-1-7.jpg 0,0,0
30062460328-2020-1-7.jpg 1,1,1
30063761484-2020-1-7.jpg 1,1,1
08087331769-2020-1-7.jpg 1,1,1
30063590319-2020-1-7.jpg 1,1,1
30062790260-2020-1-7.jpg 1,0,1
30063440760-2020-1-7.jpg 1,1,1
30062461344-2020-1-7.jpg 1,1,1
08077200175-2020-1-7.jpg 1,1,1
08077015680-2020-1-7.jpg 1,1,1
30062790753-2020-1-7.jpg 0,0,0
30063590100-2020-1-7.jpg 1,1,1
30062790881-2020-1-7.jpg 1,1,1
30063761014-2020-1-7.jpg 1,1,1
30062460645-2020-1-7.jpg 1,1,1
30063070095-2020-1-7.jpg 1,1,1
30063440736-2020-1-7.jpg 0,0,0
30063760796-2020-1-7.jpg 0,0,0
30063070037-2020-1-7.jpg 1,1,1
06138247041-2020-1-7.jpg 1,1,1
08087335070-2020-1-7.jpg 1,1,1
06138247332-2020-1-7.jpg 1,1,1
08057330385-2020-1-7.jpg 1,1,1
30062790817-2020-1-7.jpg 1,1,1
30063760924-2020-1-7.jpg 1,1,1
30063441008-2020-1-7.jpg 0,0,0
30063440847-2020-1-7.jpg 1,1,1
30062790229-2020-1-7.jpg 1,1,1
08087350789-2020-1-7.jpg 1,1,0
30062790271-2020-1-7.jpg 1,1,1
30063590416-2020-1-7.jpg 1,1,1
30063440276-2020-1-7.jpg 1,1,0
06138247042-2020-1-7.jpg 1,1,1
30062461283-2020-1-7.jpg 1,1,1
30063070028-2020-1-7.jpg 1,1,1
30063441807-2020-1-7.jpg 1,1,0
30063070346-2020-1-7.jpg 1,1,1
08087350939-2020-1-7.jpg 1,1,1
30063761513-2020-1-7.jpg 1,1,1
06138247318-2020-1-7.jpg 1,1,1
08057330219-2020-1-7.jpg 1,1,1
30063760904-2020-1-7.jpg 1,1,1
08057340118-2020-1-7.jpg 1,1,1
30062460664-2020-1-7.jpg 1,1,1
30063760958-2020-1-7.jpg 1,1,1
30063441125-2020-1-7.jpg 1,1,1
30063760901-2020-1-7.jpg 1,1,1
30063760883-2020-1-7.jpg 1,0,0
30063440951-2020-1-7.jpg 1,1,1
30063590102-2020-1-7.jpg 1,1,1
30062790436-2020-1-7.jpg 1,1,1
30063441156-2020-1-7.jpg 1,1,0
08057340369-2020-1-7.jpg 1,1,1
30063590347-2020-1-7.jpg 1,1,1
06138246443-2020-1-7.jpg 1,1,1
30062461263-2020-1-7.jpg 1,1,1
30063760867-2020-1-7.jpg 1,1,1
30063441410-2020-1-7.jpg 1,1,1
30062460500-2020-1-7.jpg 1,1,1
30063440217-2020-1-7.jpg 1,1,1
30063070008-2020-1-7.jpg 1,1,1
30063441204-2020-1-7.jpg 1,1,1
30062790698-2020-1-7.jpg 1,1,1
30063440326-2020-1-7.jpg 1,1,1
08058821804-2020-1-7.jpg 1,1,1
30063590199-2020-1-7.jpg 1,1,1
30062790130-2020-1-7.jpg 0,0,0
30063590317-2020-1-7.jpg 1,1,1
30062461259-2020-1-7.jpg 1,1,1
30063440230-2020-1-7.jpg 0,0,0
30063590205-2020-1-7.jpg 1,1,1
30062790028-2020-1-7.jpg 1,1,1
30062790227-2020-1-7.jpg 1,1,1
08057330227-2020-1-7.jpg 1,1,1
30063441048-2020-1-7.jpg 1,1,0
30063260226-2020-1-7.jpg 1,1,1
30062790016-2020-1-7.jpg 0,0,0
30063761523-2020-1-7.jpg 1,0,1
30062790306-2020-1-7.jpg 1,1,1
08087335518-2020-1-7.jpg 1,1,1
30063440846-2020-1-7.jpg 0,0,0
30062460146-2020-1-7.jpg 1,0,0
30062790241-2020-1-7.jpg 1,1,1
30063590226-2020-1-7.jpg 1,1,1
30062790134-2020-1-7.jpg 1,1,1
06106740014-2020-1-7.jpg 1,1,1
30063440345-2020-1-7.jpg 1,1,1
08057330389-2020-1-7.jpg 1,1,1
30062790067-2020-1-7.jpg 1,1,1
30063441173-2020-1-7.jpg 1,1,1
30062410078-2020-1-7.jpg 1,1,1
30063441817-2020-1-7.jpg 1,1,1
30063440769-2020-1-7.jpg 1,1,1
30063590180-2020-1-7.jpg 1,0,0
30062790638-2020-1-7.jpg 1,1,1
30063440374-2020-1-7.jpg 1,1,1
30062460270-2020-1-7.jpg 1,1,1
30063260314-2020-1-7.jpg 1,1,1
06138243017-2020-1-7.jpg 1,1,1
30063760841-2020-1-7.jpg 1,1,1
30062790280-2020-1-7.jpg 1,1,0
30062460458-2020-1-7.jpg 1,1,1
30062460802-2020-1-7.jpg 1,1,1
08087335170-2020-1-7.jpg 1,1,1
30063440894-2020-1-7.jpg 1,1,1
30062790961-2020-1-7.jpg 1,1,0
30062790287-2020-1-7.jpg 1,1,1
30063441098-2020-1-7.jpg 1,0,0
08087330805-2020-1-7.jpg 1,1,1
30063761252-2020-1-7.jpg 1,1,1
30063761536-2020-1-7.jpg 1,1,1
30063761038-2020-1-7.jpg 1,1,1
30063441747-2020-1-7.jpg 1,1,1
30063440194-2020-1-7.jpg 0,0,0
30062790019-2020-1-7.jpg 1,1,0
30062461267-2020-1-7.jpg 1,1,0
06138243648-2020-1-7.jpg 1,1,1
30062790135-2020-1-7.jpg 1,1,1
30063441143-2020-1-7.jpg 1,1,1
30063441562-2020-1-7.jpg 1,1,1
30063440146-2020-1-7.jpg 1,1,1
30063440572-2020-1-7.jpg 1,1,1
30062790996-2020-1-7.jpg 1,0,0
08087335107-2020-1-7.jpg 1,1,1
06138247905-2020-1-7.jpg 0,0,0
30063760871-2020-1-7.jpg 1,1,1
30063760933-2020-1-7.jpg 1,1,1
30063760798-2020-1-7.jpg 1,1,1
08087335081-2020-1-7.jpg 1,1,1
30063260165-2020-1-7.jpg 1,1,1
30063760654-2020-1-7.jpg 1,1,1
30063070329-2020-1-7.jpg 1,1,1
30063440835-2020-1-7.jpg 1,1,1
30062460156-2020-1-7.jpg 1,1,1
30063440708-2020-1-7.jpg 1,1,1
30062763846-2020-1-7.jpg 1,1,1
30062791021-2020-1-7.jpg 1,1,0
30063761053-2020-1-7.jpg 1,1,1
30062460305-2020-1-7.jpg 1,1,1
30063590287-2020-1-7.jpg 1,1,0
30062790274-2020-1-7.jpg 1,1,0
08087331887-2020-1-7.jpg 1,1,1
30062790292-2020-1-7.jpg 1,1,1
30062790270-2020-1-7.jpg 1,1,1
30063440569-2020-1-7.jpg 1,1,1
30062461298-2020-1-7.jpg 1,1,1
30063440802-2020-1-7.jpg 1,1,0
06138247027-2020-1-7.jpg 1,1,0
08077010262-2020-1-7.jpg 1,1,1
30062790131-2020-1-7.jpg 1,1,1
08077015440-2020-1-7.jpg 1,1,1
30062790880-2020-1-7.jpg 1,1,1
30063441481-2020-1-7.jpg 1,1,1
30062790517-2020-1-7.jpg 1,1,0
30063441007-2020-1-7.jpg 1,1,1
30063260231-2020-1-7.jpg 1,1,1
30063070113-2020-1-7.jpg 1,1,1
30062790651-2020-1-7.jpg 1,1,0
30062790238-2020-1-7.jpg 1,1,1
30062790127-2020-1-7.jpg 1,1,1
30063070121-2020-1-7.jpg 1,1,1
30063590247-2020-1-7.jpg 1,1,1
08077016141-2020-1-7.jpg 1,0,0
06138247313-2020-1-7.jpg 1,1,1
30062790389-2020-1-7.jpg 1,1,1
30063441432-2020-1-7.jpg 1,1,1
30062461306-2020-1-7.jpg 0,0,0
30063070161-2020-1-7.jpg 1,1,1
30063441433-2020-1-7.jpg 1,1,1
06138256572-2020-1-7.jpg 1,1,1
30063590043-2020-1-7.jpg 1,1,1
30062790920-2020-1-7.jpg 1,1,1
30063440784-2020-1-7.jpg 1,1,1
30063441427-2020-1-7.jpg 1,1,0
30062790688-2020-1-7.jpg 1,1,1
30063590121-2020-1-7.jpg 1,1,1
30063760914-2020-1-7.jpg 1,1,1
08057330183-2020-1-7.jpg 1,1,1
30063590143-2020-1-7.jpg 1,1,1
30063440752-2020-1-7.jpg 1,0,1
30062460895-2020-1-7.jpg 1,1,1
30062790747-2020-1-7.jpg 1,1,0
08087330890-2020-1-7.jpg 1,1,1
30063441127-2020-1-7.jpg 1,1,1
06138247329-2020-1-7.jpg 1,1,1
06138246426-2020-1-7.jpg 0,0,0
30062790261-2020-1-7.jpg 1,1,0
30063440557-2020-1-7.jpg 1,1,1
08087335228-2020-1-7.jpg 1,1,1
30063441550-2020-1-7.jpg 1,1,1
30063441426-2020-1-7.jpg 0,0,0
30063441087-2020-1-7.jpg 1,1,0
30063440809-2020-1-7.jpg 1,1,1
30062790913-2020-1-7.jpg 1,1,0
30062790622-2020-1-7.jpg 1,1,1
06106760001-2020-1-7.jpg 1,1,0
30062790469-2020-1-7.jpg 1,1,1
30063441381-2020-1-7.jpg 1,1,1
30063441373-2020-1-7.jpg 1,1,1
06138243009-2020-1-7.jpg 1,1,1
30063590240-2020-1-7.jpg 1,1,1
30063440248-2020-1-7.jpg 1,1,1
30062448103-2020-1-7.jpg 1,1,1
06116530039-2020-1-5.jpg 1,1,1
30063441001-2020-1-7.jpg 1,1,0
30063440149-2020-1-7.jpg 1,1,1
30062790052-2020-1-7.jpg 1,1,1
30063440195-2020-1-7.jpg 1,1,0
06106740011-2020-1-7.jpg 1,1,1
06138247913-2020-1-7.jpg 0,0,0
30063260351-2020-1-7.jpg 1,1,1
30063070209-2020-1-7.jpg 1,1,1
06138246400-2020-1-7.jpg 1,0,0
30062460555-2020-1-7.jpg 1,1,1
30063590409-2020-1-7.jpg 1,1,1
30063760897-2020-1-7.jpg 1,1,1
30062790999-2020-1-7.jpg 0,0,0
30063070289-2020-1-7.jpg 1,1,1
30062461140-2020-1-7.jpg 1,1,1
30063761247-2020-1-7.jpg 1,0,0
30063440664-2020-1-7.jpg 1,1,1
30063761062-2020-1-7.jpg 1,1,1
30062790344-2020-1-7.jpg 1,1,1
30062790896-2020-1-7.jpg 1,1,1
30063590108-2020-1-7.jpg 1,1,1
30063070272-2020-1-7.jpg 1,1,1
30062790482-2020-1-7.jpg 1,1,1
30063440543-2020-1-7.jpg 1,1,1
30062410179-2020-1-7.jpg 1,1,1
30062410102-2020-1-7.jpg 1,1,1
30063260164-2020-1-7.jpg 1,1,1
30062790501-2020-1-7.jpg 1,1,1
30062410114-2020-1-7.jpg 1,1,1
30063761194-2020-1-7.jpg 1,1,1
30062410071-2020-1-7.jpg 1,1,0
30062460319-2020-1-7.jpg 1,1,1
30063441000-2020-1-7.jpg 1,1,1
30062790318-2020-1-7.jpg 1,1,1
08077015920-2020-1-7.jpg 1,1,1
30062790269-2020-1-7.jpg 1,1,1
08087331116-2020-1-7.jpg 0,0,0
08087335536-2020-1-7.jpg 1,1,1
30063590166-2020-1-7.jpg 1,1,1
30063070214-2020-1-8.jpg 1,0,0
30062791136-2020-1-7.jpg 1,1,1
30063760831-2020-1-7.jpg 1,1,1
30062790020-2020-1-7.jpg 1,1,1
30063070242-2020-1-7.jpg 1,1,1
30063070293-2020-1-7.jpg 1,1,1
30063260380-2020-1-7.jpg 1,1,1
30063760840-2020-1-7.jpg 1,1,1
30063440366-2020-1-7.jpg 1,1,1
30062410187-2020-1-7.jpg 1,1,0
30063070245-2020-1-7.jpg 1,0,0
30063070103-2020-1-7.jpg 1,1,1
30063440597-2020-1-7.jpg 1,1,1
30063590306-2020-1-7.jpg 1,1,1
30062410232-2020-1-7.jpg 1,1,1
30063441107-2020-1-7.jpg 1,1,1
30063440269-2020-1-7.jpg 1,1,1
08087331778-2020-1-7.jpg 1,1,1
30062790901-2020-1-7.jpg 1,1,1
30063590406-2020-1-7.jpg 1,1,1
30063070142-2020-1-7.jpg 1,1,1
06138246728-2020-1-7.jpg 1,1,1
30063440547-2020-1-7.jpg 1,1,1
30063590213-2020-1-7.jpg 1,1,1
30063441031-2020-1-7.jpg 1,0,0
30063440363-2020-1-7.jpg 1,1,1
30063070005-2020-1-7.jpg 1,1,1
30063760935-2020-1-7.jpg 1,1,1
30062460141-2020-1-7.jpg 1,1,1
30063590401-2020-1-7.jpg 1,1,1
30062790852-2020-1-7.jpg 1,1,1
30063440814-2020-1-7.jpg 1,1,0
30063070144-2020-1-7.jpg 1,1,1
30062790595-2020-1-7.jpg 1,1,1
30063760793-2020-1-7.jpg 0,0,0
30063441024-2020-1-7.jpg 1,1,0
08077015734-2020-1-7.jpg 1,1,1
30063070220-2020-1-7.jpg 1,1,1
30063440740-2020-1-7.jpg 1,1,1
30063070324-2020-1-8.jpg 1,1,1
30062790906-2020-1-7.jpg 1,1,1
06138246420-2020-1-7.jpg 1,1,1
30063761026-2020-1-7.jpg 1,1,0
06137275170-2020-1-7.jpg 0,0,0
30063440243-2020-1-7.jpg 1,0,0
08077200163-2020-1-7.jpg 1,1,1
30062790940-2020-1-7.jpg 1,1,1
30063441930-2020-1-7.jpg 1,1,1
30063440934-2020-1-7.jpg 1,1,1
30062460471-2020-1-7.jpg 1,1,1
30063440851-2020-1-7.jpg 1,1,1
30062790317-2020-1-7.jpg 1,1,0
30063440279-2020-1-7.jpg 1,1,1
30063590230-2020-1-7.jpg 1,1,1
30062790293-2020-1-7.jpg 1,0,0
30063761040-2020-1-7.jpg 1,0,0
30062790962-2020-1-7.jpg 1,1,0
30062790341-2020-1-7.jpg 1,1,1
30063760839-2020-1-7.jpg 1,1,1
30063440659-2020-1-7.jpg 1,1,1
30063441023-2020-1-7.jpg 1,1,1
30063440259-2020-1-7.jpg 1,1,1
30063440333-2020-1-7.jpg 1,1,0
30062790230-2020-1-7.jpg 1,0,0
30063590260-2020-1-7.jpg 1,1,1
08077200179-2020-1-7.jpg 0,0,0
30063070341-2020-1-7.jpg 1,1,1
08077030101-2020-1-7.jpg 1,1,1
08077015940-2020-1-7.jpg 1,1,1
30063070055-2020-1-7.jpg 1,1,1
30062790726-2020-1-7.jpg 1,1,1
30062790741-2020-1-7.jpg 1,1,1
30062790080-2020-1-7.jpg 1,1,1
30063440564-2020-1-7.jpg 1,1,1
30063441199-2020-1-7.jpg 0,0,0
30063440722-2020-1-7.jpg 1,1,1
30063761035-2020-1-7.jpg 1,1,1
30063590279-2020-1-7.jpg 1,1,1
08057330257-2020-1-7.jpg 1,1,1
30062460577-2020-1-7.jpg 1,1,1
30063590167-2020-1-7.jpg 1,1,1
30063440141-2020-1-7.jpg 1,1,1
30063070122-2020-1-7.jpg 1,1,1
06106740017-2020-1-7.jpg 0,0,0
08087331786-2020-1-7.jpg 1,1,1
30063441108-2020-1-7.jpg 1,1,1
30063760906-2020-1-7.jpg 1,1,1
30063441741-2020-1-7.jpg 1,1,1
30063440958-2020-1-7.jpg 1,1,1
30063070247-2020-1-7.jpg 1,1,0
30062790992-2020-1-7.jpg 1,1,1
30063440190-2020-1-7.jpg 1,1,1
30063450602-2020-1-7.jpg 1,1,1
30063440267-2020-1-7.jpg 0,0,0
08087330812-2020-1-7.jpg 1,1,1
30063070179-2020-1-7.jpg 0,0,0
30062460589-2020-1-7.jpg 1,0,0
08058821762-2020-1-7.jpg 1,1,1
30063070151-2020-1-7.jpg 1,1,1
06056546714-2020-1-5.jpg 1,1,1
30062460137-2020-1-7.jpg 1,1,1
30063761043-2020-1-7.jpg 1,1,1
30063070011-2020-1-7.jpg 1,1,1
30062790824-2020-1-7.jpg 1,1,1
30062790513-2020-1-7.jpg 1,1,1
30063070191-2020-1-7.jpg 1,1,0
30063070200-2020-1-7.jpg 1,1,1
06137295135-2020-1-7.jpg 1,1,1
30063440896-2020-1-7.jpg 1,1,1
30063440325-2020-1-7.jpg 1,1,1
30062460292-2020-1-7.jpg 1,0,0
30063590123-2020-1-7.jpg 1,1,1
30063590180-2020-1-8.jpg 1,0,0
06138247330-2020-1-7.jpg 1,1,1
30062790076-2020-1-7.jpg 1,1,1
30063440791-2020-1-7.jpg 1,0,0
30063070221-2020-1-7.jpg 1,1,1
08077015409-2020-1-7.jpg 1,1,1
30063070376-2020-1-7.jpg 1,1,1
30063760836-2020-1-7.jpg 1,1,1
08077015361-2020-1-7.jpg 1,1,1
30063441006-2020-1-7.jpg 1,1,1
30062460101-2020-1-7.jpg 1,1,1
30062790039-2020-1-7.jpg 1,1,1
08057340188-2020-1-7.jpg 1,1,1
30063070279-2020-1-8.jpg 1,0,0
30063440687-2020-1-7.jpg 1,1,1
30063590029-2020-1-7.jpg 1,1,1
30063440725-2020-1-7.jpg 1,0,0
30062790695-2020-1-7.jpg 1,1,1
30062460152-2020-1-7.jpg 1,1,0
30063760659-2020-1-7.jpg 1,1,1
30062461331-2020-1-7.jpg 1,1,1
30063760938-2020-1-7.jpg 1,1,1
30063070167-2020-1-7.jpg 1,1,1
30062790302-2020-1-7.jpg 1,1,1
06137295875-2020-1-6.jpg 1,1,1
30063440418-2020-1-7.jpg 1,1,0
30063070071-2020-1-7.jpg 1,1,1
30063070252-2020-1-7.jpg 1,1,1
30063590103-2020-1-7.jpg 1,1,1
06106740016-2020-1-7.jpg 1,1,1
30063761205-2020-1-7.jpg 1,1,1
06138246168-2020-1-7.jpg 1,1,1
30063590038-2020-1-7.jpg 1,1,1
08077015183-2020-1-7.jpg 1,1,1
30063440660-2020-1-7.jpg 1,1,1
06138243639-2020-1-7.jpg 1,1,1
30062790926-2020-1-7.jpg 1,1,1
30063070217-2020-1-7.jpg 1,1,1
30063070031-2020-1-7.jpg 1,1,1
30062410110-2020-1-7.jpg 1,1,0
30063441117-2020-1-7.jpg 1,1,1
06107270029-2020-1-7.jpg 0,0,0
30062790814-2020-1-7.jpg 0,0,0
30062790894-2020-1-7.jpg 1,1,1
30063070193-2020-1-7.jpg 1,1,1
30063440549-2020-1-7.jpg 1,1,1
08087335527-2020-1-7.jpg 1,1,1
30062410115-2020-1-7.jpg 1,1,0
30063760855-2020-1-7.jpg 1,1,1
30062410119-2020-1-7.jpg 1,1,0
30062410180-2020-1-7.jpg 1,1,0
30063441144-2020-1-7.jpg 1,1,1
08087335227-2020-1-7.jpg 1,1,1
30063260058-2020-1-7.jpg 1,1,1
30062790221-2020-1-7.jpg 0,0,1
30062460478-2020-1-7.jpg 1,0,0
30063440034-2020-1-7.jpg 1,1,1
06138247912-2020-1-7.jpg 1,1,0
06138247321-2020-1-7.jpg 1,1,1
06137275341-2020-1-7.jpg 0,0,0
30063441808-2020-1-7.jpg 1,1,1
30062791004-2020-1-7.jpg 1,1,1
30063440676-2020-1-7.jpg 1,1,1
30063441002-2020-1-7.jpg 1,1,1
30063440662-2020-1-7.jpg 1,0,1
30063070124-2020-1-7.jpg 1,1,1
30063761246-2020-1-7.jpg 1,1,1
30063440918-2020-1-7.jpg 1,1,1
30062448099-2020-1-7.jpg 1,1,1
06138247335-2020-1-7.jpg 1,1,1
30062790928-2020-1-7.jpg 0,0,0
06138247009-2020-1-7.jpg 1,1,1
30063590219-2020-1-7.jpg 1,1,1
30062790215-2020-1-7.jpg 1,1,1
06106720009-2020-1-7.jpg 1,1,1
06138243649-2020-1-7.jpg 1,1,1
30063070290-2020-1-7.jpg 1,1,1
30063070325-2020-1-7.jpg 1,1,1
06106740006-2020-1-7.jpg 1,0,0
30062791024-2020-1-7.jpg 1,1,1
30063761386-2020-1-7.jpg 1,1,1
30062790822-2020-1-7.jpg 0,0,0
05076345352-2020-1-7.jpg 1,1,1
08077035009-2020-1-7.jpg 1,1,1
30062790742-2020-1-7.jpg 1,1,1
30063760644-2020-1-7.jpg 1,1,1
30063441206-2020-1-7.jpg 1,1,1
08057340164-2020-1-7.jpg 1,1,1
30063761473-2020-1-7.jpg 1,1,0
30063590147-2020-1-7.jpg 1,1,1
30062790268-2020-1-7.jpg 1,1,1
08087335203-2020-1-7.jpg 1,1,1
30063440845-2020-1-7.jpg 1,1,1
30063441418-2020-1-7.jpg 1,1,1
30063070315-2020-1-7.jpg 1,1,1
06137295844-2020-1-7.jpg 0,0,0
30063440920-2020-1-7.jpg 1,1,0
30063590201-2020-1-7.jpg 1,1,1
30063441040-2020-1-7.jpg 1,1,0
08087335189-2020-1-7.jpg 1,1,1
30062790846-2020-1-7.jpg 1,1,1
30063070329-2020-1-8.jpg 1,1,1
30063590171-2020-1-7.jpg 1,1,1
30063070154-2020-1-7.jpg 1,1,1
30063441099-2020-1-7.jpg 1,0,0
30062790218-2020-1-7.jpg 1,1,1
30062790604-2020-1-7.jpg 1,1,1
30063440021-2020-1-7.jpg 1,1,1
30063070277-2020-1-7.jpg 1,1,0
30063440107-2020-1-7.jpg 1,1,1
30063441392-2020-1-7.jpg 1,1,0
30063260431-2020-1-7.jpg 1,1,1
30063761426-2020-1-7.jpg 1,1,1
08087335172-2020-1-7.jpg 1,1,1
06138256630-2020-1-7.jpg 1,1,1
06138256575-2020-1-7.jpg 1,1,1
08057330169-2020-1-7.jpg 1,1,1
30063440035-2020-1-7.jpg 1,1,1
30063760916-2020-1-7.jpg 1,1,1
05096900500-2020-1-7.jpg 0,0,0
30063760837-2020-1-7.jpg 1,1,1
30063440551-2020-1-7.jpg 1,1,1
30063590271-2020-1-7.jpg 1,1,0
30063590210-2020-1-7.jpg 1,1,1
30062460130-2020-1-7.jpg 1,1,1
30062790079-2020-1-7.jpg 1,1,0
30063590164-2020-1-7.jpg 1,1,1
30062460067-2020-1-7.jpg 0,0,0
06138247343-2020-1-7.jpg 1,1,1